PARAMETRIC_CURVE_CARTESIAN_3D
t1: 0
t2: 15.708
NumPoints: 500
0 80 0 20 
0.0314789 73.6516 2.31924 -18.9779 
0.0629578 91.7965 5.78695 16.016 
0.0944367 63.2956 5.99526 -11.417 
0.125916 98.3998 12.456 5.65112 
0.157394 59.2702 9.4066 0.692397 
0.188873 96.9919 18.5402 -6.96515 
0.220352 62.851 14.0779 12.526 
0.251831 87.9763 22.6357 -16.8065 
0.28331 72.0259 20.9697 19.3692 
0.314789 74.753 24.3408 -19.9521 
0.346268 82.41 29.7339 18.4956 
0.377747 62.2222 24.6899 -15.1487 
0.409225 89.1482 38.6645 10.2534 
0.440704 54.6921 25.7951 -4.31001 
0.472183 88.9617 45.4341 -2.07387 
0.503662 54.1073 29.8167 8.24578 
0.535141 81.4499 48.2871 -13.5749 
0.56662 59.3534 37.7612 17.5164 
0.598099 69.1135 47.0905 -19.6676 
0.629578 66.894 48.7301 19.8085 
0.661057 56.1447 43.6693 -17.9247 
0.692535 72.4031 60.0661 14.2088 
0.724014 46.5673 41.1746 -9.04052 
0.755493 72.6343 68.415 2.94824 
0.786972 42.5707 42.7049 3.4454 
0.818451 66.6999 71.2616 -9.48687 
0.84993 43.7518 49.7971 14.5587 
0.881409 56.2392 68.2261 -18.1424 
0.912888 47.5342 61.5122 19.8717 
0.944367 44.482 61.468 -19.5699 
0.975845 50.493 74.611 17.2678 
1.00732 34.7049 54.9305 -13.2007 
1.0388 49.9252 84.8206 7.78435 
1.07028 28.8223 52.6945 -1.57232 
1.10176 44.9383 88.679 -4.80042 
1.13324 26.7338 57.148 10.6825 
1.16472 36.6065 85.1363 -15.4727 
1.1962 26.6587 67.8057 18.6814 
1.22768 27.2106 76.1665 -19.9806 
1.25916 26.2068 81.3528 19.2375 
1.29063 19.007 66.0585 -16.5281 
1.32211 23.6042 92.9519 12.1294 
1.35359 13.1633 59.6474 -6.49084 
1.38507 18.4658 98.2794 0.188854 
1.41655 9.36615 60.2396 6.13244 
1.44803 11.7718 95.4049 -11.8269 
1.47951 6.23807 68.1435 16.3125 
1.51099 5.13054 85.6786 -19.1308 
1.54247 2.28044 80.4713 19.9937 
1.57394 -0.230463 73.2118 -18.8129 
1.60542 -3.19812 92.3228 15.7092 
1.6369 -4.18122 63.1584 -10.9999 
1.66838 -9.67684 98.8487 5.16622 
1.69986 -7.72693 59.5364 1.19552 
1.73134 -15.7562 97.2991 -7.43505 
1.76282 -12.353 63.539 12.9146 
1.7943 -20.0399 88.1662 -17.0742 
1.82578 -19.0445 73.0646 19.4885 
1.85725 -22.0716 74.9309 -19.9109 
1.88873 -27.5324 83.6594 18.2981 
1.92021 -22.7882 62.5421 -14.815 
1.95169 -36.2177 90.4423 9.81767 
1.98317 -24.1944 55.3071 -3.81682 
2.01465 -42.8707 90.1602 -2.57415 
2.04613 -28.3697 55.12 8.70202 
2.07761 -45.7923 82.4821 -13.9404 
2.10909 -36.2925 60.7806 17.7539 
2.14056 -44.846 70.0017 -19.7528 
2.17204 -47.0973 68.6582 19.7326 
2.20352 -41.7961 56.9975 -17.6956 
2.235 -58.2089 74.3538 13.8498 
2.26648 -39.6966 47.5445 -8.58838 
2.29796 -66.3752 74.5939 2.44913 
2.32944 -41.5458 43.8308 3.94045 
2.36092 -69.1698 68.5197 -9.92727 
2.3924 -48.8094 45.3975 14.8994 
2.42387 -66.2594 57.8471 -18.3486 
2.45535 -60.5288 49.5751 19.9224 
2.48683 -59.7934 45.906 -19.4598 
2.51831 -73.5012 52.8382 17.0082 
2.54979 -53.6534 36.0642 -12.8181 
2.58127 -83.5335 52.409 7.31791 
2.61275 -51.8281 30.2866 -1.06969 
2.64423 -87.2587 47.3717 -5.28786 
2.67571 -56.6129 28.4651 11.1049 
2.70718 -83.708 38.8378 -15.7869 
2.73866 -67.4583 28.7541 18.8553 
2.77014 -74.896 29.1745 -19.9964 
2.80162 -81.0329 28.6618 19.0937 
2.8331 -65.1004 20.7453 -16.2393 
2.86458 -92.535 26.3099 11.7251 
2.89606 -59.0978 14.8094 -6.01236 
2.92754 -97.7153 21.242 -0.314874 
2.95902 -60.1079 11.0979 6.60991 
2.99049 -94.7336 14.4241 -12.2293 
3.02197 -68.351 8.21535 16.5988 
3.05345 -85.0171 7.51294 -19.2716 
3.08493 -80.877 4.58756 19.9746 
3.11641 -72.7175 1.83164 -18.636 
3.14789 -92.7681 -0.584055 15.3925 
3.17937 -62.9799 -2.38018 -10.5757 
3.21085 -99.2068 -6.88143 4.67798 
3.24233 -59.7677 -6.04099 1.69793 
3.2738 -97.515 -12.9682 -7.90028 
3.30528 -64.1891 -10.602 13.2951 
3.33676 -88.2734 -17.4504 -17.331 
3.36824 -74.0544 -17.0777 19.5955 
3.39972 -75.0418 -19.8123 -19.8571 
3.4312 -84.8449 -25.2824 18.089 
3.46268 -62.8126 -20.8911 -14.472 
3.49416 -91.6588 -33.7246 9.37573 
3.52564 -55.8869 -22.5843 -3.32118 
3.55711 -91.2733 -40.2708 -3.07284 
3.58859 -56.1043 -26.8942 9.15277 
3.62007 -83.4305 -43.2736 -14.2972 
3.65155 -62.1771 -34.7759 17.9802 
3.68303 -70.8168 -42.5881 -19.8255 
3.71451 -70.3815 -45.4024 19.6443 
3.74599 -57.7943 -39.9132 -17.4552 
3.77747 -76.2498 -56.2837 13.482 
3.80895 -48.4845 -38.2036 -8.13077 
3.84042 -76.4866 -64.2711 1.94845 
3.8719 -45.0687 -40.3579 4.43302 
3.90338 -70.2667 -67.0248 -10.3614 
3.93486 -47.0282 -47.7742 15.2307 
3.96634 -59.3855 -64.253 -18.5432 
3.99782 -51.599 -59.4796 19.9604 
4.0293 -47.2729 -58.09 -19.3374 
4.06078 -55.1568 -72.3129 16.7378 
4.09225 -37.3848 -52.3515 -12.4274 
4.12373 -54.8533 -82.1637 6.84683 
4.15521 -31.7317 -50.9319 -0.566381 
4.18669 -49.7546 -85.7613 -5.77195 
4.21817 -30.1926 -56.0347 11.5203 
4.24965 -41.0142 -82.215 -16.0912 
4.28113 -30.8529 -67.05 19.0173 
4.31261 -31.0883 -73.5755 -19.9996 
4.34409 -31.1181 -80.6353 18.9377 
4.37556 -22.4472 -64.1041 -15.9401 
4.40704 -29.0079 -92.0293 11.3133 
4.43852 -16.4382 -58.5146 -5.53006 
4.47 -23.9981 -97.0605 -0.818403 
4.50148 -12.8323 -59.938 7.0832 
4.53296 -17.0459 -93.979 -12.624 
4.56444 -10.2104 -68.5078 16.8745 
4.59592 -9.86163 -84.2864 -19.4002 
4.6274 -6.91942 -81.2155 19.9429 
4.65887 -3.86581 -72.1701 -18.4473 
4.69035 -2.05249 -93.1309 15.066 
4.72183 0.592713 -62.7611 -10.1449 
4.75331 4.07298 -99.4735 4.18678 
4.78479 4.34907 -59.9638 2.19926 
4.81627 10.1795 -97.6395 -8.3605 
4.84775 8.82526 -64.8002 13.6672 
4.87923 14.8698 -88.2988 -17.5769 
4.91071 15.0706 -74.9935 19.6901 
4.94218 17.5649 -75.0868 -19.7907 
4.97366 22.9858 -85.9645 17.8684 
5.00514 18.9994 -63.0344 -14.1197 
5.03662 31.1881 -92.7959 8.92785 
5.0681 20.9652 -56.4317 -2.82343 
5.09958 37.6376 -92.3 -3.56957 
5.13106 25.3901 -57.0593 9.59773 
5.16254 40.7343 -84.2946 -14.6449 
5.19402 33.2116 -63.541 18.1951 
5.22549 40.3195 -71.5591 -19.8856 
5.25697 43.6461 -72.0615 19.5435 
5.28845 38.0223 -58.5357 -17.2038 
5.31993 54.2923 -78.0884 13.1057 
5.35141 36.6961 -49.3876 -7.66801 
5.38289 62.1053 -78.3101 1.44654 
5.41437 39.1411 -46.2838 4.92277 
5.44585 64.8291 -71.9392 -10.7889 
5.47733 46.6914 -48.6423 15.5523 
5.5088 62.2094 -60.8535 -18.726 
5.54028 58.3646 -53.6035 19.9857 
5.57176 56.3599 -48.5826 -19.2026 
5.60324 71.0465 -57.446 16.4568 
5.63472 51.026 -38.6668 -12.0288 
5.6662 80.7127 -57.2551 6.37141 
5.69768 50.006 -33.1574 -0.0627127 
5.72916 84.1887 -52.0843 -6.25237 
5.76064 55.4129 -31.9152 11.9284 
5.79211 80.6595 -43.1338 -16.3852 
5.82359 66.5801 -32.9532 19.1672 
5.85507 72.2072 -32.9509 -19.9901 
5.88655 80.1595 -33.5733 18.7697 
5.91803 63.0711 -24.1121 -15.6309 
5.94951 91.4349 -31.6948 10.8943 
5.98099 57.8984 -18.0495 -5.04426 
6.01247 96.3158 -26.7307 -1.32141 
6.04395 59.7296 -14.5687 7.552 
6.07542 93.1425 -19.6347 -13.0107 
6.1069 68.6128 -12.2221 17.1395 
6.13838 83.4882 -12.1745 -19.5165 
6.16986 81.4855 -9.27399 19.8986 
6.20134 71.571 -5.87085 -18.2468 
6.23282 93.4102 -4.7087 14.73 
6.2643 62.5028 -1.18065 -9.70758 
6.29578 99.6482 1.25479 3.69293 
6.32726 60.1245 2.65143 2.6992 
6.35873 97.673 7.3932 -8.81542 
6.39021 65.371 7.02338 14.0306 
6.42169 88.2431 12.3011 -17.8117 
6.45317 75.8801 13.0242 19.7722 
6.48465 75.0667 15.3313 -19.7117 
6.51613 87.0162 20.6446 17.6364 
6.54761 63.2084 17.1145 -13.7585 
6.57909 93.8518 28.6108 8.47429 
6.61057 56.9416 19.3374 -2.32389 
6.64204 93.2391 34.9741 -4.06405 
6.67352 57.9843 23.8577 10.0366 
6.705 85.0742 38.1774 -14.9833 
6.73648 64.8706 31.6002 18.3984 
6.76796 72.2288 38.0426 -19.9331 
6.79944 73.6959 41.8296 19.4303 
6.83092 59.2221 36.1249 -16.9415 
6.8624 79.8673 52.2366 12.7211 
6.89388 50.2538 35.175 -7.20037 
6.92535 80.062 59.8801 0.943716 
6.95683 47.4757 37.8955 5.40941 
6.98831 73.5358 62.5857 -11.2096 
7.01979 50.2385 45.5605 15.8641 
7.05127 62.2505 60.1314 -18.897 
7.08275 55.5863 57.1838 19.9984 
7.11423 49.8348 54.6052 -19.0557 
7.14571 59.7028 69.7028 16.1653 
7.17719 39.9101 49.678 -11.6226 
7.20866 59.6114 79.1818 5.89193 
7.24014 34.5634 49.0506 0.440986 
7.27162 54.3583 82.543 -6.72885 
7.3031 33.6319 54.7469 12.3289 
7.33458 45.1947 79.0439 -16.6688 
7.36606 35.0531 66.0479 19.305 
7.39754 34.7613 70.7931 -19.9679 
7.42902 36.0245 79.605 18.5898 
7.4605 25.7396 62.0028 -15.3117 
7.49197 34.3674 90.752 10.4685 
7.52345 19.6432 57.2495 -4.55524 
7.55493 29.4366 95.4821 -1.82357 
7.58641 16.3067 59.482 8.01602 
7.61789 22.1875 92.2257 -13.3891 
7.64937 14.2491 68.6649 17.3937 
7.68085 14.4497 82.6243 -19.6204 
7.71233 11.6492 81.6855 19.8416 
7.74381 7.84566 70.9218 -18.0348 
7.77528 7.38168 93.6048 14.3846 
7.80676 2.93943 62.2056 -9.26413 
7.83824 1.56983 99.7305 3.19672 
7.86972 -0.948376 60.2498 3.19742 
7.9012 -4.61268 97.6158 -9.26476 
7.93268 -5.19692 65.9005 14.3851 
7.96416 -9.74681 88.1075 -18.0351 
7.99564 -10.94 76.7126 19.8417 
8.02712 -13.1134 74.983 -19.6202 
8.05859 -18.2611 87.9981 17.3933 
8.09007 -15.2371 63.3354 -13.3886 
8.12155 -25.9957 94.8248 8.01537 
8.15303 -17.7012 57.4166 -1.82287 
8.18451 -32.2836 94.0897 -4.55593 
8.21599 -22.297 58.8784 10.4691 
8.24747 -35.6059 85.7692 -15.3121 
8.27895 -29.942 66.1642 18.5901 
8.31043 -35.7598 72.8264 -19.9679 
8.3419 -39.9539 75.2821 19.3048 
8.37338 -34.2227 59.8542 -16.6684 
8.40486 -50.1183 81.5838 12.3284 
8.43634 -33.6409 51.0836 -6.72818 
8.46782 -57.5981 81.7404 0.440277 
8.4993 -36.6211 48.6438 5.89261 
8.53078 -60.2974 75.055 -11.6232 
8.56226 -44.3815 51.8153 16.1658 
8.59374 -58.0217 63.5758 -19.056 
8.62521 -55.9374 57.545 19.9984 
8.65669 -52.8278 51.0295 -18.8968 
8.68817 -68.2824 61.9243 15.8636 
8.71965 -48.3086 41.115 -11.209 
8.75113 -77.5727 61.9192 5.40873 
8.78261 -48.0658 35.9494 0.944424 
8.81409 -80.8263 56.5741 -7.20103 
8.84557 -54.0362 35.342 12.7216 
8.87705 -77.3705 47.1952 -16.9419 
8.90852 -65.4527 37.1508 19.4305 
8.94 -69.3353 36.5186 -19.933 
8.97148 -78.9713 38.469 18.3982 
9.00296 -60.9007 27.3294 -14.9828 
9.03444 -89.9809 37.0226 10.036 
9.06592 -56.5684 21.2189 -4.06336 
9.0974 -94.5604 32.1128 -2.3246 
9.12888 -59.1949 18.0456 8.47493 
9.16036 -91.2301 24.7017 -13.759 
9.19183 -68.663 16.2903 17.6368 
9.22331 -81.6965 16.6853 -19.7118 
9.25479 -81.8145 14.0428 19.7721 
9.28627 -70.224 9.7892 -17.8114 
9.31775 -93.714 10.0685 14.0301 
9.34923 -61.8703 4.68317 -8.81478 
9.38071 -99.7202 4.39756 2.6985 
9.41219 -60.3392 0.759805 3.69363 
9.44367 -97.4683 -1.84114 -9.7082 
9.47514 -66.3875 -3.34652 14.7305 
9.50662 -87.8928 -7.2097 -18.2471 
9.5381 -77.4889 -8.81914 19.8987 
9.56958 -74.8366 -10.9129 -19.5163 
9.60106 -88.9082 -15.8373 17.1392 
9.63254 -63.4163 -13.3683 -13.0101 
9.66402 -95.7137 -23.3456 7.55134 
9.6955 -57.8568 -16.0571 -1.3207 
9.72698 -94.851 -29.5694 -5.04495 
9.75845 -59.7406 -20.7083 10.8949 
9.78993 -86.3793 -33.0228 -15.6313 
9.82141 -67.4198 -28.2375 18.77 
9.85289 -73.3523 -33.4735 -19.9901 
9.88437 -76.8179 -38.0203 19.167 
9.91585 -60.4326 -32.3172 -16.3848 
9.94733 -83.2354 -47.9396 11.9278 
9.97881 -51.877 -32.0943 -6.2517 
10.0103 -83.3431 -55.2622 -0.063441 
10.0418 -49.7876 -35.3178 6.37208 
10.0732 -76.4955 -57.9672 -12.0294 
10.1047 -53.3712 -43.1543 16.4572 
10.1362 -64.8289 -55.8829 -19.2028 
10.1677 -59.4774 -54.6255 19.9857 
10.1992 -52.1668 -51.0298 -18.7258 
10.2306 -64.1076 -66.7863 15.5519 
10.2621 -42.2815 -46.9187 -10.7883 
10.2936 -64.1758 -75.8869 4.9221 
10.3251 -37.3153 -47.0517 1.44726 
10.3566 -58.7293 -79.041 -7.66866 
10.388 -37.0442 -53.2805 13.1062 
10.4195 -49.1337 -75.642 -17.2042 
10.451 -39.2443 -64.7939 19.5436 
10.4825 -38.2218 -67.8361 -19.8855 
10.5139 -40.9041 -78.2584 18.1948 
10.5454 -28.8813 -59.7662 -14.6444 
10.5769 -39.6572 -89.1219 9.5971 
10.6084 -22.7765 -55.8557 -3.56889 
10.6399 -34.7559 -93.552 -2.82415 
10.6713 -19.785 -58.8677 8.92848 
10.7028 -27.1748 -90.1576 -14.1202 
10.7343 -18.3443 -68.6059 17.8687 
10.7658 -18.8795 -80.7066 -19.7908 
10.7973 -16.4527 -81.8711 19.69 
10.8287 -11.7005 -69.479 -17.5766 
10.8602 -12.7662 -93.7368 13.6667 
10.8917 -6.41148 -61.4977 -8.35987 
10.9232 -7.22505 -99.6171 2.19857 
10.9547 -2.4728 -60.3927 4.18749 
10.9861 -0.918248 -97.2314 -10.1455 
11.0176 1.47287 -66.8308 15.0665 
11.0491 4.69233 -87.6003 -18.4475 
11.0806 6.66315 -78.2076 19.943 
11.112 8.73169 -74.6289 -19.4 
11.1435 13.3756 -89.7448 16.8741 
11.175 11.5089 -63.4519 -12.6235 
11.2065 20.6635 -96.5168 7.08255 
11.238 14.4053 -58.2623 -0.817703 
11.2694 26.8346 -95.5224 -5.53076 
11.3009 19.0918 -60.57 11.3139 
11.3324 30.4313 -86.9048 -15.9406 
11.3639 26.4873 -68.6357 18.9379 
11.3954 31.1862 -73.8072 -19.9996 
11.4268 36.03 -78.301 19.0171 
11.4583 30.4097 -60.9578 -16.0907 
11.4898 45.7026 -84.82 11.5197 
11.5213 30.5359 -52.6344 -5.77128 
11.5528 52.8749 -84.8683 -0.567081 
11.5842 33.9857 -50.9066 6.84751 
11.6157 55.598 -77.8562 -12.428 
11.6472 41.8787 -54.9046 16.7382 
11.6787 53.7177 -66.0095 -19.3375 
11.7101 53.2484 -61.3809 19.9603 
11.7416 49.213 -53.2467 -18.5429 
11.7731 65.2155 -66.2501 15.2302 
11.8046 45.5094 -43.4097 -10.3608 
11.8361 74.1263 -66.3783 4.43233 
11.8675 46.0086 -38.6606 1.94915 
11.899 77.1893 -60.8216 -8.13143 
11.9305 52.4792 -38.7375 13.4825 
11.962 73.8606 -51.0087 -17.4556 
11.9935 64.0709 -41.3315 19.6444 
12.0249 66.2976 -39.8704 -19.8254 
12.0564 77.4659 -43.3269 17.9799 
12.0879 58.6005 -30.3948 -14.2967 
12.1194 88.1757 -42.268 9.15214 
12.1508 55.1115 -24.3158 -3.07214 
12.1823 92.4582 -37.3631 -3.32187 
12.2138 58.5 -21.5243 9.37637 
12.2453 89.0099 -29.6041 -14.4725 
12.2768 68.4928 -20.4097 18.0893 
12.3082 79.6566 -21.0307 -19.8572 
12.3397 81.8543 -18.8764 19.5954 
12.3712 68.6884 -13.5787 -17.3307 
12.4027 93.6726 -15.4717 13.2946 
12.4342 61.0884 -8.12397 -7.89963 
12.4656 99.4213 -10.049 1.69722 
12.4971 60.4098 -4.19029 4.67866 
12.5286 96.9055 -3.66232 -10.5764 
12.5601 67.2293 -0.423266 15.393 
12.5916 87.2311 2.19722 -18.6363 
12.623 78.8669 4.47355 19.9747 
12.6545 74.3612 6.57128 -19.2714 
12.686 90.5063 10.8783 16.5984 
12.7175 63.443 9.65977 -12.2288 
12.7489 97.233 17.9525 6.60924 
12.7804 58.633 12.7461 -0.314165 
12.8119 96.1032 24.0826 -6.01303 
12.8434 61.3656 17.4478 11.7256 
12.8749 87.3458 27.8342 -16.2397 
12.9063 69.81 24.6922 19.0939 
12.9378 74.1916 28.9001 -19.9964 
12.9693 79.7289 33.9845 18.8551 
13.0008 61.4305 28.5018 -15.7865 
13.0323 86.3352 43.4096 11.1043 
13.0637 53.3558 28.9662 -5.28717 
13.0952 86.3143 50.4392 -1.0704 
13.1267 52 32.6249 7.31856 
13.1582 79.136 53.1929 -12.8187 
13.1897 56.414 40.5546 17.0086 
13.2211 67.1171 51.5287 -19.46 
13.2526 63.2532 51.8065 19.9223 
13.2841 54.2694 47.3793 -18.3483 
13.3156 68.3487 63.571 14.8989 
13.347 44.4999 44.0817 -9.92664 
13.3785 68.524 72.2927 3.93975 
13.41 39.9853 44.9363 2.44983 
13.4415 62.8488 75.2738 -8.58901 
13.473 40.4207 51.6318 13.8503 
13.5044 52.8187 72.029 -17.6959 
13.5359 43.4104 63.2834 19.7328 
13.5674 41.4635 64.7219 -19.7527 
13.5989 45.7347 76.5938 17.7536 
13.6304 31.87 57.405 -13.9399 
13.6618 44.8517 87.1429 8.70137 
13.6933 25.8367 54.3364 -2.57345 
13.7248 39.9311 91.2803 -3.81752 
13.7563 23.2626 58.0912 9.81828 
13.7878 31.9874 87.789 -14.8155 
13.8192 22.485 68.3225 18.2984 
13.8507 23.1372 78.5485 -19.9109 
13.8822 21.3117 81.7631 19.4884 
13.9137 15.423 67.8536 -17.0738 
13.9451 18.182 93.5207 12.9141 
13.9766 9.8203 60.6431 -7.43438 
14.0081 12.8659 99.1329 1.1948 
14.0396 5.91193 60.3903 5.1669 
14.0711 6.38796 96.4918 -11.0005 
14.1025 2.34108 67.5818 15.7097 
14.134 0.273196 86.7867 -18.8132 
14.1655 -2.25193 79.4652 19.9937 
14.197 -4.43329 74.0347 -19.1306 
14.2285 -8.3479 91.1908 16.3121 
14.2599 -7.82163 63.3905 -11.8263 
14.2914 -15.2156 97.861 6.13174 
14.3229 -11.0797 58.969 0.189573 
14.3544 -21.3167 96.593 -6.49151 
14.3859 -15.7764 62.1265 12.1299 
14.4173 -25.2347 87.7026 -16.5286 
14.4488 -22.8528 70.941 19.2377 
14.4803 -26.6175 74.5063 -19.9805 
14.5118 -31.8854 81.0996 18.6811 
14.5432 -26.5947 61.8516 -15.4722 
14.5747 -41.0628 87.7787 10.6819 
14.6062 -27.3858 54.0416 -4.79971 
14.6377 -47.9579 87.6792 -1.57304 
14.6692 -31.2352 53.0672 7.78501 
14.7006 -50.7548 80.334 -13.2012 
14.7321 -39.1823 57.8977 17.2682 
14.7636 -49.3186 68.1516 -19.5701 
14.7951 -50.3004 65.092 19.8716 
14.8266 -45.5307 55.2351 -18.1421 
14.858 -61.8543 70.4008 14.5582 
14.8895 -42.6363 45.5523 -9.48622 
14.921 -70.3883 70.6102 3.44467 
14.9525 -43.8351 41.2888 2.94896 
14.9839 -73.2969 64.8088 -9.04117 
15.0154 -50.7381 42.0927 14.2093 
15.0469 -70.1498 54.5624 -17.925 
15.0784 -62.4308 45.4789 19.8086 
15.1099 -63.1111 43.0007 -19.6674 
15.1413 -75.6424 48.1244 17.5161 
15.1728 -56.1812 33.3067 -13.5743 
15.2043 -86.0243 47.4052 8.24511 
15.2358 -53.5306 27.3389 -2.07312 
15.2673 -90.02 42.4571 -4.31075 
15.2987 -57.6408 24.9994 10.254 
15.3302 -86.4969 34.3222 -15.1492 
15.3617 -68.094 24.5686 18.4959 
15.3932 -77.3842 25.1975 -19.9521 
15.4247 -81.5964 23.7561 19.369 
15.4561 -66.9763 17.2325 -16.8061 
15.4876 -93.2808 20.8939 12.5254 
15.5191 -60.1625 11.5002 -6.96445 
15.5506 -98.7521 15.6727 0.691621 
15.582 -60.3337 7.63736 5.65186 
15.6135 -95.991 9.09211 -11.4177 
15.645 -67.8872 4.27968 16.0164 
15.6765 -86.2684 2.71653 -18.9781 
15.708 -80.0008 3.60173e-12 20 
