MULTI_REAL_FUNCTION_VARIABLE_SPACED
3
501
0
100
0 2 1 1 
0.2 9.812 19.7368 8.78173 
0.4 9.46104 -6.41727 41.0442 
0.6 -5.81377 -8.08503 25.6527 
0.8 -9.13512 -10.4011 26.3891 
1 -8.98051 -7.64699 29.2718 
1.2 -7.06978 -7.10173 25.2595 
1.4 -8.98888 -10.3438 25.7746 
1.6 -9.29032 -7.99797 29.5592 
1.8 -6.99593 -6.76095 25.5566 
2 -8.68505 -10.1816 25.1528 
2.2 -9.61714 -8.4956 29.7492 
2.4 -6.9756 -6.44281 25.9586 
2.6 -8.32625 -9.91043 24.5531 
2.8 -9.92313 -9.12314 29.78 
3 -7.07808 -6.16594 26.5505 
3.2 -7.90122 -9.43345 24.0412 
3.4 -10.1662 -9.79092 29.5485 
3.6 -7.22249 -5.95878 27.195 
3.8 -7.48367 -8.90506 23.6426 
4 -10.3067 -10.4854 29.072 
4.2 -7.4968 -5.85041 27.9646 
4.4 -7.05953 -8.27464 23.4076 
4.6 -10.2981 -11.1076 28.2765 
4.8 -7.91137 -5.90697 28.8405 
5 -6.6581 -7.57253 23.3823 
5.2 -10.0907 -11.5426 27.1446 
5.4 -8.48457 -6.21696 29.7843 
5.6 -6.31789 -6.82572 23.6231 
5.8 -9.64021 -11.6468 25.7478 
6 -9.20815 -6.89446 30.6728 
6.2 -6.0908 -6.08727 24.1771 
6.4 -8.95926 -11.2969 24.2594 
6.6 -9.99807 -8.01253 31.2802 
6.8 -6.04189 -5.41378 25.0713 
7 -8.10765 -10.4689 22.9407 
7.2 -10.7215 -9.39813 31.3468 
7.4 -6.16913 -4.85885 26.1512 
7.6 -7.23922 -9.3996 21.9972 
7.8 -11.1858 -10.9833 30.6648 
8 -6.58079 -4.48668 27.582 
8.2 -6.3639 -8.07818 21.4997 
8.4 -11.1829 -12.4993 28.8607 
8.6 -7.39587 -4.42774 29.3709 
8.8 -5.55907 -6.66043 21.5796 
9 -10.4926 -13.191 25.9962 
9.2 -8.72116 -5.08454 31.3918 
9.4 -4.9656 -5.25443 22.3477 
9.6 -9.08715 -12.4762 22.7014 
9.8 -10.4895 -7.07495 33.1806 
10 -4.72486 -3.95385 23.9201 
10.2 -7.2312 -10.322 20.0567 
10.4 -12.1185 -10.8113 33.1111 
10.6 -5.15855 -2.8995 26.48 
10.8 -5.31555 -7.4177 18.9407 
11 -12.1147 -14.6348 28.7021 
11.2 -6.95285 -2.62797 30.351 
11.4 -3.7981 -4.56431 19.7949 
11.6 -9.26838 -13.8124 20.8641 
11.8 -10.827 -5.69451 35.1558 
12 -3.1795 -2.15617 22.8666 
12.2 -5.06496 -7.95596 16.1808 
12.4 -13.6168 -15.7166 31.5076 
12.6 -5.14955 -0.458488 29.3371 
12.8 -1.95442 -2.39397 17.6231 
13 -6.13403 -10.5388 14.036 
13.2 -14.6837 -11.8404 37.9439 
13.4 -2.18648 1.24945 26.0341 
13.6 0.37096 0.80167 15.2142 
13.8 2.02537 3.77298 9.30568 
14 11.5393 19.9865 17.8579 
14.2 8.02051 -2.89938 36.7513 
14.4 -2.63753 -4.6024 21.1947 
14.6 -8.04974 -12.2872 19.367 
14.8 -12.0342 -8.23863 35.4525 
15 -3.62519 -1.90873 24.4097 
15.2 -4.50179 -6.85299 16.5781 
15.4 -12.8475 -16.5509 28.3264 
15.6 -6.40536 -0.916738 31.0991 
15.8 -2.02986 -2.20528 18.7181 
16 -5.59477 -9.49877 14.1006 
16.2 -14.8042 -13.9703 36.3624 
16.4 -2.89125 1.07198 27.0387 
16.6 -0.0576632 0.184807 15.773 
16.8 0.246793 0.465707 9.25857 
17 1.62167 3.23389 5.66153 
17.2 11.5734 21.2753 15.2456 
17.4 7.61062 -5.1383 37.5487 
17.6 -4.40236 -6.6599 22.7732 
17.8 -9.6711 -12.6556 24.5066 
18 -9.66125 -6.43704 32.1376 
18.2 -5.1423 -4.8841 23.5186 
18.4 -8.30435 -11.3997 21.9203 
18.6 -11.1001 -8.70649 32.937 
18.8 -5.1935 -3.87473 25.2182 
19 -6.71871 -9.35705 20.1858 
19.2 -12.0618 -11.9342 31.7205 
19.4 -5.95353 -3.19489 27.7654 
19.6 -5.21272 -6.9244 19.7466 
19.8 -11.4861 -14.4093 27.2036 
20 -7.75946 -3.39063 31.1441 
20.2 -4.0645 -4.6059 20.7031 
20.4 -9.0141 -13.2163 21.0575 
20.6 -10.986 -6.51518 34.766 
20.8 -3.66642 -2.60154 23.3802 
21 -5.65784 -8.65193 17.2384 
21.2 -13.3369 -14.237 32.4041 
21.4 -5.12872 -1.17099 28.4826 
21.6 -2.92361 -3.88314 17.7408 
21.8 -8.91821 -14.2458 18.5166 
22 -11.5396 -5.17479 36.9581 
22.2 -1.96578 -0.472471 22.718 
22.4 -2.1496 -3.47655 13.8106 
22.6 -9.31845 -15.9236 16.4466 
22.8 -11.1954 -2.29306 38.5525 
23 0.10712 1.92988 22.0717 
23.2 2.78142 4.72764 13.7126 
23.4 11.5961 18.3151 21.4109 
23.6 8.20315 -0.277173 35.1848 
23.8 -0.219904 -1.40223 20.1139 
24 -2.34069 -4.0948 12.3322 
24.2 -11.0302 -18.3786 18.9328 
24.4 -8.91687 0.622024 36.5701 
24.6 0.954355 2.52882 20.7576 
24.8 4.52153 7.62099 14.2277 
25 14.3536 17.1927 31.8323 
25.2 4.45117 -0.915657 29.5535 
25.4 0.330331 0.0292207 17.1885 
25.6 0.480853 0.862006 10.1056 
25.8 2.92842 5.73551 6.69944 
26 16.2014 23.2513 29.9315 
26.2 2.42287 -5.67466 31.2206 
26.4 -4.87182 -7.10403 20.6119 
26.6 -11.068 -13.9673 26.6704 
26.8 -8.20961 -4.11404 31.3893 
27 -4.42638 -4.85379 21.4087 
27.2 -9.04132 -12.9225 21.7328 
27.4 -10.7847 -6.71339 34.1124 
27.6 -4.08891 -3.15333 23.5663 
27.8 -6.36787 -9.50549 18.3674 
28 -12.9174 -12.6059 33.1471 
28.2 -4.97949 -1.85358 27.4164 
28.4 -3.91474 -5.43157 17.9361 
28.6 -10.983 -15.7966 23.5268 
28.8 -8.82847 -2.74401 33.8402 
29 -2.44177 -2.0605 20.7915 
29.2 -5.11456 -8.41724 14.8936 
29.4 -14.34 -15.6273 33.4979 
29.6 -4.1258 0.459544 28.5227 
29.8 -0.936809 -1.02788 16.7429 
30 -3.01208 -5.44815 10.6874 
30.2 -14.0085 -20.8997 25.8912 
30.4 -5.17202 3.02511 32.576 
30.6 2.10727 3.64467 19.0514 
30.8 7.44691 12.1556 16.8068 
31 13.1112 8.6332 37.2896 
31.2 2.51814 0.22016 24.5151 
31.4 1.84731 2.82376 14.7421 
31.6 7.62797 13.3642 14.2054 
31.8 13.4312 6.29168 39.9438 
32 0.515553 -1.95935 23.7538 
32.2 -2.21769 -3.7398 14.4014 
32.4 -9.51332 -16.0078 17.2306 
32.6 -10.9347 -2.32826 38.0278 
32.8 -0.181311 1.49464 21.8763 
33 1.96278 3.38318 13.2031 
33.2 9.19915 15.9556 15.7851 
33.4 11.3492 2.03945 38.9074 
33.6 -0.416471 -2.35016 22.1521 
33.8 -3.58043 -6.00094 14.2824 
34 -13.0656 -18.471 26.3494 
34.2 -6.38029 0.567812 32.4098 
34.4 -0.306504 0.323393 18.7355 
34.6 0.168266 0.325146 10.9918 
34.8 1.03817 2.03994 6.54418 
35 7.55668 14.8166 8.84425 
35.2 13.7888 1.59434 43.6788 
35.4 -3.06466 -6.00367 24.5141 
35.6 -8.0994 -11.2199 22.0168 
35.8 -11.1175 -9.00552 32.6835 
36 -5.35887 -3.98695 25.4505 
36.2 -6.75196 -9.30128 20.4287 
36.4 -11.9418 -11.9013 31.4836 
36.6 -6.04929 -3.35344 27.7725 
36.8 -5.35714 -7.08139 19.9659 
37 -11.476 -14.1793 27.4856 
37.2 -7.69652 -3.51711 30.897 
37.4 -4.25968 -4.88507 20.7787 
37.6 -9.30851 -13.4004 21.799 
37.8 -10.5896 -6.11007 34.328 
38 -3.78752 -2.93525 23.1424 
38.2 -6.16856 -9.37243 17.77 
38.4 -13.1844 -12.9794 33.3601 
38.6 -4.82015 -1.46337 27.5466 
38.8 -3.44062 -4.7646 17.5771 
39 -10.2953 -15.5855 21.4065 
39.2 -9.76192 -3.19069 35.2085 
39.4 -2.04364 -1.22738 21.3843 
39.6 -3.51595 -5.83108 13.8213 
39.8 -13.1277 -18.7648 26.0961 
40 -6.29203 0.880645 32.5236 
40.2 0.0136476 0.775256 18.7399 
40.4 1.25833 2.26084 11.143 
40.6 7.01766 13.1014 11.0249 
40.8 14.5238 6.07824 42.2838 
41 -0.957426 -3.95658 24.3483 
41.2 -5.40737 -8.43684 17.395 
41.4 -13.2049 -14.6166 31.6878 
41.6 -5.38334 -1.26128 28.8979 
41.8 -2.9239 -3.81364 18.0031 
42 -8.72325 -13.9371 18.3414 
42.2 -11.7272 -5.63704 37.0348 
42.4 -2.07298 -0.491897 22.9934 
42.6 -2.2017 -3.53565 13.999 
42.8 -9.38412 -15.9633 16.692 
43 -11.1049 -2.2348 38.2877 
43.2 0.00337816 1.76256 21.9406 
43.4 2.48335 4.24242 13.4742 
43.6 10.8486 17.7619 19.4069 
43.8 9.15049 0.180954 36.357 
44 -0.320091 -1.7219 20.7185 
44.2 -2.83525 -4.89594 12.9438 
44.4 -12.1916 -19.0234 22.3931 
44.6 -7.44592 1.0601 34.4985 
44.8 0.628329 1.835 19.7106 
45 3.43892 5.97838 12.7238 
45.2 13.7375 19.4666 27.0683 
45.4 5.5387 -1.71579 32.0103 
45.6 -0.73738 -1.72189 18.4448 
45.8 -3.59852 -6.35172 12.0758 
46 -14.4211 -19.6636 28.967 
46.2 -4.67653 2.24773 31.1878 
46.4 1.25514 2.38798 18.1022 
46.6 5.24625 9.1043 13.3066 
46.8 15.1278 14.9643 36.2009 
47 2.75423 -1.57344 27.4148 
47.2 -0.623712 -1.25553 16.0012 
47.4 -3.0947 -5.67202 10.2866 
47.6 -14.4736 -21.1422 27.1101 
47.8 -4.6393 3.34245 32.0513 
48 2.41845 4.0403 18.9378 
48.2 8.20675 13.1226 18.0212 
48.4 12.2746 7.07084 36.9329 
48.6 2.51202 0.707169 23.6933 
48.8 2.63133 4.15075 14.6419 
49 10.3574 16.8444 19.1827 
49.2 9.86006 1.46409 36.6588 
49.4 0.370778 -0.961929 21.1073 
49.6 -1.06908 -1.89008 12.4845 
49.8 -5.63063 -10.5149 10.2337 
50 -16.1166 -12.0375 41.1478 
50.2 -0.180845 3.73594 25.9692 
50.4 4.28334 6.72512 17.1288 
50.6 12.4292 16.3554 27.3502 
50.8 6.96107 1.40064 31.5615 
51 2.33687 2.50412 19.2124 
51.2 6.12852 10.2238 15.0624 
51.4 14.3292 12.4201 36.6941 
51.6 2.88505 -0.520301 26.3276 
51.8 0.810223 1.0346 15.4687 
52 3.05944 5.62443 9.95083 
52.2 14.5714 21.3678 27.124 
52.4 4.51711 -3.55407 32.1176 
52.6 -2.6426 -4.33748 19.0935 
52.8 -8.63909 -13.5584 18.9453 
53 -11.7073 -6.26903 36.4504 
53.2 -2.61434 -1.11143 23.2394 
53.4 -3.31988 -5.2855 14.8124 
53.6 -12.0432 -17.9636 23.6404 
53.8 -7.65686 -0.193877 33.9065 
54 -0.565821 0.197715 19.6264 
54.2 -0.290574 -0.477107 11.5201 
54.4 -1.57509 -3.05989 6.98364 
54.6 -10.6105 -19.5747 14.1812 
54.8 -9.08639 3.51044 38.7547 
55 3.59433 5.87688 22.5862 
55.2 9.00027 12.5526 22.5009 
55.4 10.5769 7.06207 33.3646 
55.6 4.61651 3.79683 23.8954 
55.8 7.05506 10.1663 19.7345 
56 12.2764 11.0856 33.1367 
56.2 5.14446 2.70044 26.7096 
56.4 5.03256 7.0272 18.7368 
56.6 12.0014 15.0419 27.8543 
56.8 7.21006 2.52564 30.99 
57 3.48967 4.0344 19.8828 
57.2 8.53155 13.0996 19.3888 
57.4 11.7054 6.89881 35.9339 
57.6 3.07293 1.57458 23.6257 
57.8 4.06631 6.36573 15.6568 
58 12.8796 17.4568 27.2084 
58.2 6.5182 0.316943 31.8594 
58.4 1.26659 1.05404 18.7496 
58.6 3.09484 5.40836 11.9434 
58.8 13.4206 20.0448 25.1629 
59 5.92082 -2.13623 32.9902 
59.2 -1.28947 -2.56457 19.0131 
59.4 -5.29587 -9.0561 13.9274 
59.6 -14.8644 -14.8598 35.6121 
59.8 -3.15182 1.13587 27.5717 
60 -0.0174253 0.281096 16.0674 
60.2 0.473582 0.883531 9.44637 
60.4 3.04656 6.02414 6.36237 
60.6 16.6642 23.0739 31.5836 
60.8 1.88539 -5.85983 30.7249 
61 -5.1598 -7.44689 20.7338 
61.2 -11.2235 -13.7135 27.4611 
61.4 -7.92938 -4.10175 30.8657 
61.6 -4.66105 -5.27177 21.3388 
61.8 -9.49582 -13.2311 22.7752 
62 -10.223 -6.0808 33.5417 
62.2 -4.22037 -3.61259 23.1321 
62.4 -7.06039 -10.4305 19.1618 
62.6 -12.5202 -10.9418 33.8779 
62.8 -4.72487 -2.25814 26.3875 
63 -4.61438 -6.5743 17.9988 
63.2 -12.0131 -15.7381 26.9234 
63.4 -7.41152 -2.13852 31.6851 
63.6 -2.90581 -3.17221 19.7754 
63.8 -7.21984 -11.5976 16.9947 
64 -13.2121 -9.53334 36.7413 
64.2 -2.95711 -0.50314 25.0648 
64.4 -2.32526 -3.51516 15.2923 
64.6 -8.95653 -15.0402 16.813 
64.8 -11.6616 -3.78058 38.2953 
65 -0.690789 1.08384 22.4196 
65.2 0.954689 1.6882 13.2242 
65.4 4.88692 9.11371 9.96123 
65.6 16.5061 15.4369 39.1418 
65.8 0.958216 -3.72706 27.169 
66 -3.78574 -5.94865 17.3561 
66.2 -11.6049 -16.3515 24.7667 
66.4 -8.08967 -1.95519 33.0838 
66.6 -2.22164 -2.01478 20.0901 
66.8 -5.08822 -8.49843 14.4176 
67 -14.5642 -15.7149 34.0067 
67.2 -3.79204 0.801914 28.3241 
67.4 -0.498262 -0.392256 16.5363 
67.6 -1.36675 -2.49526 9.87821 
67.8 -8.06292 -15.0518 11.6868 
68 -13.0153 -2.37808 41.813 
68.2 1.78401 4.40552 23.5007 
68.4 6.54808 10.0231 18.4223 
68.6 12.9079 11.9257 33.8194 
68.8 4.66555 1.78111 26.883 
69 3.93547 5.57643 17.6122 
69.2 11.2656 16.0805 24.03 
69.4 8.51311 2.3648 33.505 
69.6 2.33785 2.04125 20.4606 
69.8 5.10798 8.46234 14.6757 
70 14.445 15.6618 33.7597 
70.2 3.9477 -0.622131 28.3702 
70.4 0.737697 0.743867 16.6074 
70.6 2.29087 4.15918 10.243 
70.8 12.0251 20.1287 19.721 
71 7.55063 -2.56475 35.7922 
71.2 -2.16818 -3.94839 20.5822 
71.4 -7.29329 -11.5878 17.6071 
71.6 -12.9783 -9.63809 36.2301 
71.8 -3.28815 -0.946903 25.0976 
72 -3.01763 -4.56859 15.7338 
72.2 -10.664 -16.6724 20.7739 
72.4 -9.38191 -1.72309 35.641 
72.6 -0.983638 0.0353679 20.8351 
72.8 -0.872224 -1.45223 12.2972 
73 -4.51415 -8.54997 9.06594 
73.2 -16.8465 -16.9578 38.585 
73.4 -0.86689 4.27097 27.7464 
73.6 4.31263 6.62642 18.1699 
73.8 11.8664 15.7232 26.5346 
74 7.63851 2.30561 31.9565 
74.2 2.92874 3.12728 19.9814 
74.4 7.10211 11.3933 16.9522 
74.6 13.2892 9.88214 36.5725 
74.8 3.06626 0.526906 25.2663 
75 2.36338 3.55112 15.433 
75.2 8.98565 15.0354 16.9695 
75.4 11.6141 3.84103 38.2222 
75.6 0.756703 -0.997353 22.4326 
75.8 -0.781821 -1.3989 13.2024 
76 -4.06941 -7.65693 9.26717 
76.2 -16.5635 -18.9289 35.9003 
76.4 -1.76611 4.08073 28.7359 
76.6 3.73438 5.80898 18.1647 
76.8 11.0812 15.7551 23.9886 
77 8.68799 2.77468 33.5264 
77.2 2.59805 2.32189 20.7279 
77.4 5.59055 9.12676 15.3931 
77.6 14.2372 14.232 34.6738 
77.8 3.81994 -0.162931 27.6025 
78 1.36075 1.75725 16.3509 
78.2 4.84232 8.66221 11.8309 
78.4 15.7127 16.1842 36.4398 
78.6 2.31887 -2.5118 27.8633 
78.8 -1.88876 -3.18356 16.56 
79 -7.54374 -12.861 15.2741 
79.2 -13.3572 -7.28148 38.8813 
79.4 -1.33372 1.05765 23.9855 
79.6 0.485906 0.925723 14.0603 
79.8 2.56045 4.82023 8.85055 
80 13.8453 22.038 23.5817 
80.2 5.24826 -4.15174 33.603 
80.4 -3.2251 -5.14116 20.1492 
80.6 -9.33212 -13.8199 21.2273 
80.8 -10.6688 -5.631 34.9123 
81 -3.28916 -2.35076 22.8296 
81.2 -5.3685 -8.38801 16.5092 
81.4 -13.6045 -14.9702 32.3194 
81.6 -4.93239 -0.671544 28.6956 
81.8 -2.30312 -2.98812 17.4438 
82 -7.37632 -12.3884 15.6339 
82.2 -13.4447 -8.3274 38.3876 
82.4 -1.83965 0.624157 24.3822 
82.6 -0.375225 -0.465053 14.2903 
82.8 -1.49118 -2.80987 8.58848 
83 -9.34748 -17.3335 12.9266 
83.2 -11.0348 0.931929 40.38 
83.4 2.62938 4.99382 22.8151 
83.6 7.77482 11.5242 20.0411 
83.8 11.9617 9.20031 34.3512 
84 4.38286 2.58253 25.1778 
84.2 5.27312 7.71795 17.9756 
84.4 12.7006 14.9596 29.91 
84.6 6.21055 1.79129 29.8306 
84.8 3.25072 4.03902 18.8652 
85 8.83648 13.7778 19.2084 
85.2 11.4887 5.87874 36.3497 
85.4 2.548 1.13241 23.0497 
85.6 3.35104 5.35971 14.7188 
85.8 12.1775 18.0641 23.9499 
86 7.485 0.0611905 33.7203 
86.2 0.516884 -0.230976 19.5061 
86.4 0.191747 0.305332 11.4447 
86.6 1.02509 1.99497 6.8095 
86.8 7.34314 14.4289 8.6877 
87 14.1189 2.22456 43.8293 
87.2 -2.92417 -5.92264 24.5845 
87.4 -7.96913 -11.1094 21.7806 
87.6 -11.2469 -9.21149 32.7391 
87.8 -5.34285 -3.87158 25.5856 
88 -6.5963 -9.09338 20.2517 
88.2 -12.0035 -12.2557 31.2693 
88.4 -6.10095 -3.2533 28.022 
88.6 -5.19089 -6.82278 19.8968 
88.8 -11.3467 -14.3492 26.8896 
89 -7.92838 -3.58549 31.3552 
89.2 -4.10857 -4.57696 20.9137 
89.4 -8.90039 -13.0383 20.9906 
89.6 -11.0647 -6.68453 34.7052 
89.8 -3.73958 -2.64053 23.5172 
90 -5.68573 -8.66157 17.3697 
90.2 -13.2792 -14.2227 32.3099 
90.4 -5.13109 -1.22502 28.4615 
90.6 -2.97559 -3.9646 17.7711 
90.8 -9.03622 -14.3574 18.78 
91 -11.3535 -4.95773 36.8107 
91.2 -1.96914 -0.538863 22.6216 
91.4 -2.25987 -3.66364 13.8053 
91.6 -9.71054 -16.4103 17.1986 
91.8 -10.6763 -1.68427 37.9196 
92 0.102239 1.77735 21.6586 
92.2 2.61447 4.4728 13.3765 
92.4 11.3045 18.21 20.42 
92.6 8.56842 -0.247763 35.6883 
92.8 -0.356156 -1.65512 20.3478 
93 -2.81895 -4.89249 12.7151 
93.2 -12.2847 -19.1908 22.4539 
93.4 -7.32458 1.24461 34.4541 
93.6 0.770584 2.01615 19.6868 
93.8 3.84862 6.66004 13.0083 
94 14.265 18.8668 29.516 
94.2 4.82472 -1.63018 30.8218 
94.4 -0.557289 -1.3698 17.8217 
94.6 -2.93577 -5.25625 11.281 
94.8 -13.4696 -20.483 24.6791 
95 -5.8745 2.5286 33.2613 
95.2 1.69557 3.12987 19.2439 
95.4 6.37905 10.648 15.3738 
95.6 14.1314 11.5964 36.9918 
95.8 2.77414 -0.378377 25.9212 
96 0.994365 1.3548 15.2779 
96.2 3.91982 7.17266 10.4038 
96.4 15.8154 19.5052 33.2596 
96.6 2.81587 -3.39646 29.5681 
96.8 -2.71033 -4.38225 17.8634 
97 -9.26192 -14.6091 19.2774 
97.2 -11.0601 -4.62734 36.5273 
97.4 -2.0091 -0.703269 22.4024 
97.6 -2.55313 -4.16369 13.8243 
97.8 -10.6653 -17.4548 19.2507 
98 -9.40469 -0.578515 36.4708 
98.2 0.102712 1.48315 20.8361 
98.4 2.27852 3.9544 12.7276 
98.6 10.5924 17.7628 18.2705 
98.8 9.46722 -0.0114021 37.1087 
99 -0.744953 -2.35078 21.0515 
99.2 -4.03794 -6.83245 13.9837 
99.4 -13.9582 -18.1629 29.5025 
99.6 -5.15635 0.97417 30.7335 
99.8 -0.174023 0.315243 17.8064 
100 0.30815 0.574104 10.4539 
