REAL_FUNCTION_EQUALLY_SPACED_DETAILED
x1: 0
x2: 100
NumPoints: 100
0 2
1.0101 -8.97752
2.0202 -8.65259
3.0303 -7.17592
4.0404 -10.1593
5.05051 -6.78689
6.06061 -9.14145
7.07071 -7.99969
8.08081 -6.89689
9.09091 -9.96824
10.101 -5.4713
11.1111 -11.1219
12.1212 -3.53762
13.1313 -3.8133
14.1414 9.39479
15.1515 -3.92361
16.1616 -4.42848
17.1717 -0.315797
18.1818 -9.12624
19.1919 -6.91845
20.202 -7.33489
21.2121 -6.90549
22.2222 -8.95147
23.2323 -0.461564
24.2424 1.7064
25.2525 14.8202
26.2626 10.784
27.2727 -6.7421
28.2828 -9.95456
29.2929 -2.60883
30.303 1.87375
31.3131 9.16709
32.3232 0.983344
33.3333 -3.04667
34.3434 -5.98319
35.3535 2.99058
36.3636 -7.58327
37.3737 -8.60251
38.3838 -6.28546
39.3939 -8.71826
40.404 -4.13664
41.4141 -4.17358
42.4242 -9.73364
43.4343 -6.42058
44.4444 1.35058
45.4545 -4.67925
46.4646 -6.44062
47.4747 2.59482
48.4848 6.26763
49.4949 -2.7459
50.5051 -6.79666
51.5152 2.7091
52.5253 -4.69681
53.5354 -5.74266
54.5455 1.70335
55.5556 8.41769
56.5657 7.30612
57.5758 8.89602
58.5859 8.80276
59.596 2.38187
60.6061 -3.13401
61.6162 -8.27952
62.6263 -6.71052
63.6364 -10.0857
64.6465 -5.11753
65.6566 -2.72282
66.6667 -10.9714
67.6768 -13.516
68.6869 -1.37235
69.697 11.2603
70.7071 9.5702
71.7172 -0.0286245
72.7273 -4.10601
73.7374 4.4469
74.7475 3.69548
75.7576 -2.50995
76.7677 5.72415
77.7778 2.98903
78.7879 -5.65491
79.798 9.52425
80.8081 -0.000737877
81.8182 -6.6332
82.8283 -9.009
83.8384 2.16382
84.8485 8.16169
85.8586 7.67612
86.8687 13.2477
87.8788 -4.08537
88.8889 -7.78037
89.899 -5.91226
90.9091 -10.8383
91.9192 -0.823481
92.9293 -2.6124
93.9394 13.2296
94.9495 -4.85736
95.9596 0.716835
96.9697 -8.95113
97.9798 -9.4018
98.9899 -0.832425
100 0.30815
