REAL_FUNCTION_EQUALLY_SPACED_DETAILED
x1: 0
x2: 6.28319
NumPoints: 100
0 0
0.0634665 0.0771391
0.126933 0.151097
0.1904 0.221874
0.253866 0.28947
0.317333 0.353885
0.380799 0.41512
0.444266 0.473173
0.507732 0.528045
0.571199 0.579736
0.634665 0.628246
0.698132 0.673575
0.761598 0.715723
0.825065 0.754691
0.888531 0.790477
0.951998 0.823082
1.01546 0.852506
1.07893 0.878749
1.1424 0.901812
1.20586 0.921693
1.26933 0.938393
1.3328 0.951912
1.39626 0.96225
1.45973 0.969408
1.5232 0.973384
1.58666 0.974179
1.65013 0.971793
1.7136 0.966227
1.77706 0.957479
1.84053 0.94555
1.904 0.930441
1.96746 0.91215
2.03093 0.890678
2.0944 0.866025
2.15786 0.813539
2.22133 0.761053
2.28479 0.708566
2.34826 0.65608
2.41173 0.603593
2.47519 0.551107
2.53866 0.498621
2.60213 0.446134
2.66559 0.393648
2.72906 0.341162
2.79253 0.288675
2.85599 0.236189
2.91946 0.183702
2.98293 0.131216
3.04639 0.0787296
3.10986 0.0262432
3.17333 -0.0389672
3.23679 -0.114516
3.30026 -0.186883
3.36373 -0.25607
3.42719 -0.322076
3.49066 -0.3849
3.55413 -0.444544
3.61759 -0.501006
3.68106 -0.554288
3.74452 -0.604389
3.80799 -0.651308
3.87146 -0.695047
3.93492 -0.735605
3.99839 -0.772981
4.06186 -0.807177
4.12532 -0.838192
4.18879 -0.866025
4.25226 -0.890678
4.31572 -0.91215
4.37919 -0.930441
4.44266 -0.94555
4.50612 -0.957479
4.56959 -0.966227
4.63306 -0.971793
4.69652 -0.974179
4.75999 -0.973384
4.82346 -0.969408
4.88692 -0.96225
4.95039 -0.951912
5.01385 -0.938393
5.07732 -0.921693
5.14079 -0.901812
5.20425 -0.878749
5.26772 -0.852506
5.33119 -0.823082
5.39465 -0.790477
5.45812 -0.754691
5.52159 -0.715723
5.58505 -0.673575
5.64852 -0.628246
5.71199 -0.579736
5.77545 -0.528045
5.83892 -0.473173
5.90239 -0.41512
5.96585 -0.353885
6.02932 -0.28947
6.09279 -0.221874
6.15625 -0.151097
6.21972 -0.0771391
6.28319 -2.44929e-16
