MULTI_REAL_FUNCTION_VARIABLE_SPACED
2
21
0
2
0 2 0 
0.1 1.9541 -0.646764 
0.2 1.88525 -0.718124 
0.3 1.81088 -0.769922 
0.4 1.7309 -0.832501 
0.5 1.64375 -0.910681 
0.6 1.54768 -1.02065 
0.7 1.43849 -1.17184 
0.8 1.31043 -1.40908 
0.9 1.15126 -1.81888 
1 0.932224 -2.67838 
1.1 0.570806 -4.97955 
1.2 -0.240608 -12.6733 
1.3 -1.70922 -9.89316 
1.4 -2.02681 0.0290183 
1.5 -1.98037 0.637435 
1.6 -1.91288 0.701882 
1.7 -1.84035 0.749507 
1.8 -1.76257 0.804846 
1.9 -1.67863 0.879756 
2 -1.58623 0.974018 
