REAL_FUNCTION_EQUALLY_SPACED_DETAILED
x1: -10
x2: 10
NumPoints: 100
-10 -5.44021
-9.79798 -3.57233
-9.59596 -1.63464
-9.39394 0.28965
-9.19192 2.12113
-8.9899 3.78745
-8.78788 5.2262
-8.58586 6.3872
-8.38384 7.23424
-8.18182 7.74606
-7.9798 7.91672
-7.77778 7.75521
-7.57576 7.28443
-7.37374 6.53964
-7.17172 5.56631
-6.9697 4.41769
-6.76768 3.1521
-6.56566 1.83004
-6.36364 0.511409
-6.16162 -0.747219
-5.9596 -1.89498
-5.75758 -2.88881
-5.55556 -3.69501
-5.35354 -4.29038
-5.15152 -4.66276
-4.94949 -4.81102
-4.74747 -4.74455
-4.54545 -4.48227
-4.34343 -4.05114
-4.14141 -3.48448
-3.93939 -2.81991
-3.73737 -2.09725
-3.53535 -1.35639
-3.33333 -0.635227
-3.13131 0.0321878
-2.92929 0.617227
-2.72727 1.09791
-2.52525 1.45973
-2.32323 1.69602
-2.12121 1.80792
-1.91919 1.80389
-1.71717 1.69881
-1.51515 1.51281
-1.31313 1.26978
-1.11111 0.995769
-0.909091 0.717223
-0.707071 0.45932
-0.505051 0.24437
-0.30303 0.0904284
-0.10101 0.0101857
0.10101 0.0101857
0.30303 0.0904284
0.505051 0.24437
0.707071 0.45932
0.909091 0.717223
1.11111 0.995769
1.31313 1.26978
1.51515 1.51281
1.71717 1.69881
1.91919 1.80389
2.12121 1.80792
2.32323 1.69602
2.52525 1.45973
2.72727 1.09791
2.92929 0.617227
3.13131 0.0321878
3.33333 -0.635227
3.53535 -1.35639
3.73737 -2.09725
3.93939 -2.81991
4.14141 -3.48448
4.34343 -4.05114
4.54545 -4.48227
4.74747 -4.74455
4.94949 -4.81102
5.15152 -4.66276
5.35354 -4.29038
5.55556 -3.69501
5.75758 -2.88881
5.9596 -1.89498
6.16162 -0.747219
6.36364 0.511409
6.56566 1.83004
6.76768 3.1521
6.9697 4.41769
7.17172 5.56631
7.37374 6.53964
7.57576 7.28443
7.77778 7.75521
7.9798 7.91672
8.18182 7.74606
8.38384 7.23424
8.58586 6.3872
8.78788 5.2262
8.9899 3.78745
9.19192 2.12113
9.39394 0.28965
9.59596 -1.63464
9.79798 -3.57233
10 -5.44021
