PARAMETRIC_CURVE_CARTESIAN_3D
t1: 0
t2: 6.28319
NumPoints: 100
0 20 0 0 
0.0634665 19.9597 1.26848 1.26933 
0.126933 19.8391 2.53185 2.53866 
0.1904 19.6386 3.78502 3.80799 
0.253866 19.359 5.02296 5.07732 
0.317333 19.0014 6.24067 6.34665 
0.380799 18.5674 7.43325 7.61598 
0.444266 18.0585 8.5959 8.88531 
0.507732 17.477 9.72393 10.1546 
0.571199 16.8251 10.8128 11.424 
0.634665 16.1054 11.8582 12.6933 
0.698132 15.3209 12.8558 13.9626 
0.761598 14.4747 13.8016 15.232 
0.825065 13.5702 14.6918 16.5013 
0.888531 12.6111 15.5229 17.7706 
0.951998 11.6011 16.2915 19.04 
1.01546 10.5445 16.9945 20.3093 
1.07893 9.44542 17.6291 21.5786 
1.1424 8.3083 18.1926 22.8479 
1.20586 7.13772 18.683 24.1173 
1.26933 5.93841 19.098 25.3866 
1.3328 4.71518 19.4362 26.6559 
1.39626 3.47296 19.6962 27.9253 
1.45973 2.21676 19.8768 29.1946 
1.5232 0.951638 19.9773 30.4639 
1.58666 -0.317319 19.9975 31.7333 
1.65013 -1.585 19.9371 33.0026 
1.7136 -2.8463 19.7964 34.2719 
1.77706 -4.09613 19.576 35.5413 
1.84053 -5.32948 19.2768 36.8106 
1.904 -6.54136 18.9 38.0799 
1.96746 -7.7269 18.4471 39.3492 
2.03093 -8.88133 17.9199 40.6186 
2.0944 -10 17.3205 41.8879 
2.15786 -11.0784 16.6514 43.1572 
2.22133 -12.1122 15.9152 44.4266 
2.28479 -13.0972 15.115 45.6959 
2.34826 -14.0295 14.2539 46.9652 
2.41173 -14.9053 13.3354 48.2346 
2.47519 -15.7211 12.3632 49.5039 
2.53866 -16.4735 11.3412 50.7732 
2.60213 -17.1597 10.2735 52.0425 
2.66559 -17.7767 9.16453 53.3119 
2.72906 -18.3222 8.01861 54.5812 
2.79253 -18.7939 6.8404 55.8505 
2.85599 -19.1899 5.63465 57.1199 
2.91946 -19.5086 4.40621 58.3892 
2.98293 -19.7488 3.16003 59.6585 
3.04639 -19.9094 1.90112 60.9279 
3.10986 -19.9899 0.634559 62.1972 
3.17333 -19.9899 -0.634559 63.4665 
3.23679 -19.9094 -1.90112 64.7358 
3.30026 -19.7488 -3.16003 66.0052 
3.36373 -19.5086 -4.40621 67.2745 
3.42719 -19.1899 -5.63465 68.5438 
3.49066 -18.7939 -6.8404 69.8132 
3.55413 -18.3222 -8.01861 71.0825 
3.61759 -17.7767 -9.16453 72.3518 
3.68106 -17.1597 -10.2735 73.6212 
3.74452 -16.4735 -11.3412 74.8905 
3.80799 -15.7211 -12.3632 76.1598 
3.87146 -14.9053 -13.3354 77.4292 
3.93492 -14.0295 -14.2539 78.6985 
3.99839 -13.0972 -15.115 79.9678 
4.06186 -12.1122 -15.9152 81.2371 
4.12532 -11.0784 -16.6514 82.5065 
4.18879 -10 -17.3205 83.7758 
4.25226 -8.88133 -17.9199 85.0451 
4.31572 -7.7269 -18.4471 86.3145 
4.37919 -6.54136 -18.9 87.5838 
4.44266 -5.32948 -19.2768 88.8531 
4.50612 -4.09613 -19.576 90.1225 
4.56959 -2.8463 -19.7964 91.3918 
4.63306 -1.585 -19.9371 92.6611 
4.69652 -0.317319 -19.9975 93.9304 
4.75999 0.951638 -19.9773 95.1998 
4.82346 2.21676 -19.8768 96.4691 
4.88692 3.47296 -19.6962 97.7384 
4.95039 4.71518 -19.4362 99.0078 
5.01385 5.93841 -19.098 100.277 
5.07732 7.13772 -18.683 101.546 
5.14079 8.3083 -18.1926 102.816 
5.20425 9.44542 -17.6291 104.085 
5.26772 10.5445 -16.9945 105.354 
5.33119 11.6011 -16.2915 106.624 
5.39465 12.6111 -15.5229 107.893 
5.45812 13.5702 -14.6918 109.162 
5.52159 14.4747 -13.8016 110.432 
5.58505 15.3209 -12.8558 111.701 
5.64852 16.1054 -11.8582 112.97 
5.71199 16.8251 -10.8128 114.24 
5.77545 17.477 -9.72393 115.509 
5.83892 18.0585 -8.5959 116.778 
5.90239 18.5674 -7.43325 118.048 
5.96585 19.0014 -6.24067 119.317 
6.02932 19.359 -5.02296 120.586 
6.09279 19.6386 -3.78502 121.856 
6.15625 19.8391 -2.53185 123.125 
6.21972 19.9597 -1.26848 124.394 
6.28319 20 -4.04257e-14 125.664 
