SCALAR_FUNCTION_CARTESIAN_2D
example3_wpf_surface2
x1: -10
x2: 10
NumPointsX: 50
y1: -10
_secDerY: 10
NumPointsY: 50
-10 -10 -0
-10 -9.59184 0
-10 -9.18367 0
-10 -8.77551 0
-10 -8.36735 0
-10 -7.95918 0
-10 -7.55102 -0
-10 -7.14286 -0
-10 -6.73469 -0
-10 -6.32653 -0
-10 -5.91837 -0
-10 -5.5102 -0
-10 -5.10204 -0
-10 -4.69388 0
-10 -4.28571 0
-10 -3.87755 0
-10 -3.46939 0
-10 -3.06122 0
-10 -2.65306 0
-10 -2.2449 0
-10 -1.83673 0
-10 -1.42857 -0
-10 -1.02041 -0
-10 -0.612245 -0
-10 -0.204082 -0
-10 0.204082 -0
-10 0.612245 -0
-10 1.02041 -0
-10 1.42857 -0
-10 1.83673 0
-10 2.2449 0
-10 2.65306 0
-10 3.06122 0
-10 3.46939 0
-10 3.87755 0
-10 4.28571 0
-10 4.69388 0
-10 5.10204 -0
-10 5.5102 -0
-10 5.91837 -0
-10 6.32653 -0
-10 6.73469 -0
-10 7.14286 -0
-10 7.55102 -0
-10 7.95918 0
-10 8.36735 0
-10 8.77551 0
-10 9.18367 0
-10 9.59184 0
-10 10 -0
-9.59184 -10 0
-9.59184 -9.59184 -0.0273166
-9.59184 -9.18367 -0.0538019
-9.59184 -8.77551 -0.0661968
-9.59184 -8.36735 -0.0544196
-9.59184 -7.95918 -0.0145448
-9.59184 -7.55102 0.0495895
-9.59184 -7.14286 0.126566
-9.59184 -6.73469 0.19941
-9.59184 -6.32653 0.249086
-9.59184 -5.91837 0.258791
-9.59184 -5.5102 0.218132
-9.59184 -5.10204 0.126278
-9.59184 -4.69388 -0.00666613
-9.59184 -4.28571 -0.160503
-9.59184 -3.87755 -0.307989
-9.59184 -3.46939 -0.419636
-9.59184 -3.06122 -0.469418
-9.59184 -2.65306 -0.440311
-9.59184 -2.2449 -0.328541
-9.59184 -1.83673 -0.145611
-9.59184 -1.42857 0.0824603
-9.59184 -1.02041 0.318753
-9.59184 -0.612245 0.52142
-9.59184 -0.204082 0.651057
-9.59184 0.204082 0.651057
-9.59184 0.612245 0.52142
-9.59184 1.02041 0.318753
-9.59184 1.42857 0.0824603
-9.59184 1.83673 -0.145611
-9.59184 2.2449 -0.328541
-9.59184 2.65306 -0.440311
-9.59184 3.06122 -0.469418
-9.59184 3.46939 -0.419636
-9.59184 3.87755 -0.307989
-9.59184 4.28571 -0.160503
-9.59184 4.69388 -0.00666613
-9.59184 5.10204 0.126278
-9.59184 5.5102 0.218132
-9.59184 5.91837 0.258791
-9.59184 6.32653 0.249086
-9.59184 6.73469 0.19941
-9.59184 7.14286 0.126566
-9.59184 7.55102 0.0495895
-9.59184 7.95918 -0.0145448
-9.59184 8.36735 -0.0544196
-9.59184 8.77551 -0.0661968
-9.59184 9.18367 -0.0538019
-9.59184 9.59184 -0.0273166
-9.59184 10 0
-9.18367 -10 -0
-9.18367 -9.59184 0.078451
-9.18367 -9.18367 0.154515
-9.18367 -8.77551 0.190112
-9.18367 -8.36735 0.156289
-9.18367 -7.95918 0.0417715
-9.18367 -7.55102 -0.142417
-9.18367 -7.14286 -0.363488
-9.18367 -6.73469 -0.572688
-9.18367 -6.32653 -0.715355
-9.18367 -5.91837 -0.743228
-9.18367 -5.5102 -0.626457
-9.18367 -5.10204 -0.36266
-9.18367 -4.69388 0.0191446
-9.18367 -4.28571 0.46095
-9.18367 -3.87755 0.884518
-9.18367 -3.46939 1.20516
-9.18367 -3.06122 1.34813
-9.18367 -2.65306 1.26454
-9.18367 -2.2449 0.943543
-9.18367 -1.83673 0.418184
-9.18367 -1.42857 -0.236819
-9.18367 -1.02041 -0.915433
-9.18367 -0.612245 -1.49747
-9.18367 -0.204082 -1.86978
-9.18367 0.204082 -1.86978
-9.18367 0.612245 -1.49747
-9.18367 1.02041 -0.915433
-9.18367 1.42857 -0.236819
-9.18367 1.83673 0.418184
-9.18367 2.2449 0.943543
-9.18367 2.65306 1.26454
-9.18367 3.06122 1.34813
-9.18367 3.46939 1.20516
-9.18367 3.87755 0.884518
-9.18367 4.28571 0.46095
-9.18367 4.69388 0.0191446
-9.18367 5.10204 -0.36266
-9.18367 5.5102 -0.626457
-9.18367 5.91837 -0.743228
-9.18367 6.32653 -0.715355
-9.18367 6.73469 -0.572688
-9.18367 7.14286 -0.363488
-9.18367 7.55102 -0.142417
-9.18367 7.95918 0.0417715
-9.18367 8.36735 0.156289
-9.18367 8.77551 0.190112
-9.18367 9.18367 0.154515
-9.18367 9.59184 0.078451
-9.18367 10 -0
-8.77551 -10 -0
-8.77551 -9.59184 0.297969
-8.77551 -9.18367 0.586871
-8.77551 -8.77551 0.722073
-8.77551 -8.36735 0.593608
-8.77551 -7.95918 0.158654
-8.77551 -7.55102 -0.540921
-8.77551 -7.14286 -1.38058
-8.77551 -6.73469 -2.17516
-8.77551 -6.32653 -2.71703
-8.77551 -5.91837 -2.82289
-8.77551 -5.5102 -2.37938
-8.77551 -5.10204 -1.37744
-8.77551 -4.69388 0.072714
-8.77551 -4.28571 1.75076
-8.77551 -3.87755 3.35953
-8.77551 -3.46939 4.57738
-8.77551 -3.06122 5.12041
-8.77551 -2.65306 4.80291
-8.77551 -2.2449 3.58372
-8.77551 -1.83673 1.58832
-8.77551 -1.42857 -0.899476
-8.77551 -1.02041 -3.47695
-8.77551 -0.612245 -5.68764
-8.77551 -0.204082 -7.10172
-8.77551 0.204082 -7.10172
-8.77551 0.612245 -5.68764
-8.77551 1.02041 -3.47695
-8.77551 1.42857 -0.899476
-8.77551 1.83673 1.58832
-8.77551 2.2449 3.58372
-8.77551 2.65306 4.80291
-8.77551 3.06122 5.12041
-8.77551 3.46939 4.57738
-8.77551 3.87755 3.35953
-8.77551 4.28571 1.75076
-8.77551 4.69388 0.072714
-8.77551 5.10204 -1.37744
-8.77551 5.5102 -2.37938
-8.77551 5.91837 -2.82289
-8.77551 6.32653 -2.71703
-8.77551 6.73469 -2.17516
-8.77551 7.14286 -1.38058
-8.77551 7.55102 -0.540921
-8.77551 7.95918 0.158654
-8.77551 8.36735 0.593608
-8.77551 8.77551 0.722073
-8.77551 9.18367 0.586871
-8.77551 9.59184 0.297969
-8.77551 10 -0
-8.36735 -10 -0
-8.36735 -9.59184 0.572408
-8.36735 -9.18367 1.1274
-8.36735 -8.77551 1.38713
-8.36735 -8.36735 1.14034
-8.36735 -7.95918 0.30478
-8.36735 -7.55102 -1.03913
-8.36735 -7.14286 -2.65214
-8.36735 -6.73469 -4.17855
-8.36735 -6.32653 -5.2195
-8.36735 -5.91837 -5.42287
-8.36735 -5.5102 -4.57086
-8.36735 -5.10204 -2.6461
-8.36735 -4.69388 0.139686
-8.36735 -4.28571 3.36326
-8.36735 -3.87755 6.45377
-8.36735 -3.46939 8.79329
-8.36735 -3.06122 9.83646
-8.36735 -2.65306 9.22654
-8.36735 -2.2449 6.88444
-8.36735 -1.83673 3.05122
-8.36735 -1.42857 -1.72792
-8.36735 -1.02041 -6.67934
-8.36735 -0.612245 -10.9261
-8.36735 -0.204082 -13.6426
-8.36735 0.204082 -13.6426
-8.36735 0.612245 -10.9261
-8.36735 1.02041 -6.67934
-8.36735 1.42857 -1.72792
-8.36735 1.83673 3.05122
-8.36735 2.2449 6.88444
-8.36735 2.65306 9.22654
-8.36735 3.06122 9.83646
-8.36735 3.46939 8.79329
-8.36735 3.87755 6.45377
-8.36735 4.28571 3.36326
-8.36735 4.69388 0.139686
-8.36735 5.10204 -2.6461
-8.36735 5.5102 -4.57086
-8.36735 5.91837 -5.42287
-8.36735 6.32653 -5.2195
-8.36735 6.73469 -4.17855
-8.36735 7.14286 -2.65214
-8.36735 7.55102 -1.03913
-8.36735 7.95918 0.30478
-8.36735 8.36735 1.14034
-8.36735 8.77551 1.38713
-8.36735 9.18367 1.1274
-8.36735 9.59184 0.572408
-8.36735 10 -0
-7.95918 -10 -0
-7.95918 -9.59184 0.816848
-7.95918 -9.18367 1.60884
-7.95918 -8.77551 1.97948
-7.95918 -8.36735 1.62731
-7.95918 -7.95918 0.434934
-7.95918 -7.55102 -1.48287
-7.95918 -7.14286 -3.78471
-7.95918 -6.73469 -5.96295
-7.95918 -6.32653 -7.44843
-7.95918 -5.91837 -7.73864
-7.95918 -5.5102 -6.5228
-7.95918 -5.10204 -3.77609
-7.95918 -4.69388 0.199337
-7.95918 -4.28571 4.79951
-7.95918 -3.87755 9.20979
-7.95918 -3.46939 12.5484
-7.95918 -3.06122 14.037
-7.95918 -2.65306 13.1666
-7.95918 -2.2449 9.82437
-7.95918 -1.83673 4.35422
-7.95918 -1.42857 -2.46581
-7.95918 -1.02041 -9.53168
-7.95918 -0.612245 -15.592
-7.95918 -0.204082 -19.4686
-7.95918 0.204082 -19.4686
-7.95918 0.612245 -15.592
-7.95918 1.02041 -9.53168
-7.95918 1.42857 -2.46581
-7.95918 1.83673 4.35422
-7.95918 2.2449 9.82437
-7.95918 2.65306 13.1666
-7.95918 3.06122 14.037
-7.95918 3.46939 12.5484
-7.95918 3.87755 9.20979
-7.95918 4.28571 4.79951
-7.95918 4.69388 0.199337
-7.95918 5.10204 -3.77609
-7.95918 5.5102 -6.5228
-7.95918 5.91837 -7.73864
-7.95918 6.32653 -7.44843
-7.95918 6.73469 -5.96295
-7.95918 7.14286 -3.78471
-7.95918 7.55102 -1.48287
-7.95918 7.95918 0.434934
-7.95918 8.36735 1.62731
-7.95918 8.77551 1.97948
-7.95918 9.18367 1.60884
-7.95918 9.59184 0.816848
-7.95918 10 -0
-7.55102 -10 -0
-7.55102 -9.59184 0.940777
-7.55102 -9.18367 1.85293
-7.55102 -8.77551 2.2798
-7.55102 -8.36735 1.8742
-7.55102 -7.95918 0.50092
-7.55102 -7.55102 -1.70785
-7.55102 -7.14286 -4.35891
-7.55102 -6.73469 -6.86763
-7.55102 -6.32653 -8.57847
-7.55102 -5.91837 -8.91272
-7.55102 -5.5102 -7.51241
-7.55102 -5.10204 -4.34898
-7.55102 -4.69388 0.22958
-7.55102 -4.28571 5.52767
-7.55102 -3.87755 10.6071
-7.55102 -3.46939 14.4522
-7.55102 -3.06122 16.1667
-7.55102 -2.65306 15.1642
-7.55102 -2.2449 11.3149
-7.55102 -1.83673 5.01482
-7.55102 -1.42857 -2.83991
-7.55102 -1.02041 -10.9778
-7.55102 -0.612245 -17.9576
-7.55102 -0.204082 -22.4223
-7.55102 0.204082 -22.4223
-7.55102 0.612245 -17.9576
-7.55102 1.02041 -10.9778
-7.55102 1.42857 -2.83991
-7.55102 1.83673 5.01482
-7.55102 2.2449 11.3149
-7.55102 2.65306 15.1642
-7.55102 3.06122 16.1667
-7.55102 3.46939 14.4522
-7.55102 3.87755 10.6071
-7.55102 4.28571 5.52767
-7.55102 4.69388 0.22958
-7.55102 5.10204 -4.34898
-7.55102 5.5102 -7.51241
-7.55102 5.91837 -8.91272
-7.55102 6.32653 -8.57847
-7.55102 6.73469 -6.86763
-7.55102 7.14286 -4.35891
-7.55102 7.55102 -1.70785
-7.55102 7.95918 0.50092
-7.55102 8.36735 1.8742
-7.55102 8.77551 2.2798
-7.55102 9.18367 1.85293
-7.55102 9.59184 0.940777
-7.55102 10 -0
-7.14286 -10 -0
-7.14286 -9.59184 0.871231
-7.14286 -9.18367 1.71595
-7.14286 -8.77551 2.11127
-7.14286 -8.36735 1.73565
-7.14286 -7.95918 0.46389
-7.14286 -7.55102 -1.5816
-7.14286 -7.14286 -4.03668
-7.14286 -6.73469 -6.35994
-7.14286 -6.32653 -7.94432
-7.14286 -5.91837 -8.25385
-7.14286 -5.5102 -6.95706
-7.14286 -5.10204 -4.02749
-7.14286 -4.69388 0.212609
-7.14286 -4.28571 5.11904
-7.14286 -3.87755 9.82294
-7.14286 -3.46939 13.3838
-7.14286 -3.06122 14.9716
-7.14286 -2.65306 14.0432
-7.14286 -2.2449 10.4784
-7.14286 -1.83673 4.6441
-7.14286 -1.42857 -2.62998
-7.14286 -1.02041 -10.1663
-7.14286 -0.612245 -16.6301
-7.14286 -0.204082 -20.7647
-7.14286 0.204082 -20.7647
-7.14286 0.612245 -16.6301
-7.14286 1.02041 -10.1663
-7.14286 1.42857 -2.62998
-7.14286 1.83673 4.6441
-7.14286 2.2449 10.4784
-7.14286 2.65306 14.0432
-7.14286 3.06122 14.9716
-7.14286 3.46939 13.3838
-7.14286 3.87755 9.82294
-7.14286 4.28571 5.11904
-7.14286 4.69388 0.212609
-7.14286 5.10204 -4.02749
-7.14286 5.5102 -6.95706
-7.14286 5.91837 -8.25385
-7.14286 6.32653 -7.94432
-7.14286 6.73469 -6.35994
-7.14286 7.14286 -4.03668
-7.14286 7.55102 -1.5816
-7.14286 7.95918 0.46389
-7.14286 8.36735 1.73565
-7.14286 8.77551 2.11127
-7.14286 9.18367 1.71595
-7.14286 9.59184 0.871231
-7.14286 10 -0
-6.73469 -10 -0
-6.73469 -9.59184 0.573426
-6.73469 -9.18367 1.1294
-6.73469 -8.77551 1.38959
-6.73469 -8.36735 1.14237
-6.73469 -7.95918 0.305323
-6.73469 -7.55102 -1.04098
-6.73469 -7.14286 -2.65686
-6.73469 -6.73469 -4.18598
-6.73469 -6.32653 -5.22878
-6.73469 -5.91837 -5.43252
-6.73469 -5.5102 -4.579
-6.73469 -5.10204 -2.65081
-6.73469 -4.69388 0.139935
-6.73469 -4.28571 3.36925
-6.73469 -3.87755 6.46526
-6.73469 -3.46939 8.80894
-6.73469 -3.06122 9.85397
-6.73469 -2.65306 9.24296
-6.73469 -2.2449 6.89669
-6.73469 -1.83673 3.05665
-6.73469 -1.42857 -1.731
-6.73469 -1.02041 -6.69123
-6.73469 -0.612245 -10.9456
-6.73469 -0.204082 -13.6669
-6.73469 0.204082 -13.6669
-6.73469 0.612245 -10.9456
-6.73469 1.02041 -6.69123
-6.73469 1.42857 -1.731
-6.73469 1.83673 3.05665
-6.73469 2.2449 6.89669
-6.73469 2.65306 9.24296
-6.73469 3.06122 9.85397
-6.73469 3.46939 8.80894
-6.73469 3.87755 6.46526
-6.73469 4.28571 3.36925
-6.73469 4.69388 0.139935
-6.73469 5.10204 -2.65081
-6.73469 5.5102 -4.579
-6.73469 5.91837 -5.43252
-6.73469 6.32653 -5.22878
-6.73469 6.73469 -4.18598
-6.73469 7.14286 -2.65686
-6.73469 7.55102 -1.04098
-6.73469 7.95918 0.305323
-6.73469 8.36735 1.14237
-6.73469 8.77551 1.38959
-6.73469 9.18367 1.1294
-6.73469 9.59184 0.573426
-6.73469 10 -0
-6.32653 -10 -0
-6.32653 -9.59184 0.064066
-6.32653 -9.18367 0.126182
-6.32653 -8.77551 0.155252
-6.32653 -8.36735 0.127631
-6.32653 -7.95918 0.0341122
-6.32653 -7.55102 -0.116303
-6.32653 -7.14286 -0.296838
-6.32653 -6.73469 -0.467679
-6.32653 -6.32653 -0.584186
-6.32653 -5.91837 -0.606947
-6.32653 -5.5102 -0.511588
-6.32653 -5.10204 -0.296161
-6.32653 -4.69388 0.0156342
-6.32653 -4.28571 0.376429
-6.32653 -3.87755 0.72233
-6.32653 -3.46939 0.984178
-6.32653 -3.06122 1.10093
-6.32653 -2.65306 1.03267
-6.32653 -2.2449 0.770532
-6.32653 -1.83673 0.341504
-6.32653 -1.42857 -0.193395
-6.32653 -1.02041 -0.747577
-6.32653 -0.612245 -1.22289
-6.32653 -0.204082 -1.52693
-6.32653 0.204082 -1.52693
-6.32653 0.612245 -1.22289
-6.32653 1.02041 -0.747577
-6.32653 1.42857 -0.193395
-6.32653 1.83673 0.341504
-6.32653 2.2449 0.770532
-6.32653 2.65306 1.03267
-6.32653 3.06122 1.10093
-6.32653 3.46939 0.984178
-6.32653 3.87755 0.72233
-6.32653 4.28571 0.376429
-6.32653 4.69388 0.0156342
-6.32653 5.10204 -0.296161
-6.32653 5.5102 -0.511588
-6.32653 5.91837 -0.606947
-6.32653 6.32653 -0.584186
-6.32653 6.73469 -0.467679
-6.32653 7.14286 -0.296838
-6.32653 7.55102 -0.116303
-6.32653 7.95918 0.0341122
-6.32653 8.36735 0.127631
-6.32653 8.77551 0.155252
-6.32653 9.18367 0.126182
-6.32653 9.59184 0.064066
-6.32653 10 -0
-5.91837 -10 0
-5.91837 -9.59184 -0.586109
-5.91837 -9.18367 -1.15438
-5.91837 -8.77551 -1.42033
-5.91837 -8.36735 -1.16764
-5.91837 -7.95918 -0.312076
-5.91837 -7.55102 1.064
-5.91837 -7.14286 2.71563
-5.91837 -6.73469 4.27857
-5.91837 -6.32653 5.34444
-5.91837 -5.91837 5.55267
-5.91837 -5.5102 4.68027
-5.91837 -5.10204 2.70944
-5.91837 -4.69388 -0.14303
-5.91837 -4.28571 -3.44377
-5.91837 -3.87755 -6.60826
-5.91837 -3.46939 -9.00378
-5.91837 -3.06122 -10.0719
-5.91837 -2.65306 -9.44739
-5.91837 -2.2449 -7.04923
-5.91837 -1.83673 -3.12426
-5.91837 -1.42857 1.76928
-5.91837 -1.02041 6.83922
-5.91837 -0.612245 11.1877
-5.91837 -0.204082 13.9692
-5.91837 0.204082 13.9692
-5.91837 0.612245 11.1877
-5.91837 1.02041 6.83922
-5.91837 1.42857 1.76928
-5.91837 1.83673 -3.12426
-5.91837 2.2449 -7.04923
-5.91837 2.65306 -9.44739
-5.91837 3.06122 -10.0719
-5.91837 3.46939 -9.00378
-5.91837 3.87755 -6.60826
-5.91837 4.28571 -3.44377
-5.91837 4.69388 -0.14303
-5.91837 5.10204 2.70944
-5.91837 5.5102 4.68027
-5.91837 5.91837 5.55267
-5.91837 6.32653 5.34444
-5.91837 6.73469 4.27857
-5.91837 7.14286 2.71563
-5.91837 7.55102 1.064
-5.91837 7.95918 -0.312076
-5.91837 8.36735 -1.16764
-5.91837 8.77551 -1.42033
-5.91837 9.18367 -1.15438
-5.91837 9.59184 -0.586109
-5.91837 10 0
-5.5102 -10 0
-5.5102 -9.59184 -1.26182
-5.5102 -9.18367 -2.48524
-5.5102 -8.77551 -3.05779
-5.5102 -8.36735 -2.51377
-5.5102 -7.95918 -0.671859
-5.5102 -7.55102 2.29065
-5.5102 -7.14286 5.84639
-5.5102 -6.73469 9.21121
-5.5102 -6.32653 11.5059
-5.5102 -5.91837 11.9542
-5.5102 -5.5102 10.076
-5.5102 -5.10204 5.83307
-5.5102 -4.69388 -0.307924
-5.5102 -4.28571 -7.41399
-5.5102 -3.87755 -14.2267
-5.5102 -3.46939 -19.384
-5.5102 -3.06122 -21.6835
-5.5102 -2.65306 -20.339
-5.5102 -2.2449 -15.1761
-5.5102 -1.83673 -6.72613
-5.5102 -1.42857 3.80904
-5.5102 -1.02041 14.724
-5.5102 -0.612245 24.0856
-5.5102 -0.204082 30.0739
-5.5102 0.204082 30.0739
-5.5102 0.612245 24.0856
-5.5102 1.02041 14.724
-5.5102 1.42857 3.80904
-5.5102 1.83673 -6.72613
-5.5102 2.2449 -15.1761
-5.5102 2.65306 -20.339
-5.5102 3.06122 -21.6835
-5.5102 3.46939 -19.384
-5.5102 3.87755 -14.2267
-5.5102 4.28571 -7.41399
-5.5102 4.69388 -0.307924
-5.5102 5.10204 5.83307
-5.5102 5.5102 10.076
-5.5102 5.91837 11.9542
-5.5102 6.32653 11.5059
-5.5102 6.73469 9.21121
-5.5102 7.14286 5.84639
-5.5102 7.55102 2.29065
-5.5102 7.95918 -0.671859
-5.5102 8.36735 -2.51377
-5.5102 8.77551 -3.05779
-5.5102 9.18367 -2.48524
-5.5102 9.59184 -1.26182
-5.5102 10 0
-5.10204 -10 0
-5.10204 -9.59184 -1.82357
-5.10204 -9.18367 -3.59164
-5.10204 -8.77551 -4.41908
-5.10204 -8.36735 -3.63287
-5.10204 -7.95918 -0.970964
-5.10204 -7.55102 3.31043
-5.10204 -7.14286 8.44914
-5.10204 -6.73469 13.3119
-5.10204 -6.32653 16.6282
-5.10204 -5.91837 17.2761
-5.10204 -5.5102 14.5618
-5.10204 -5.10204 8.4299
-5.10204 -4.69388 -0.445009
-5.10204 -4.28571 -10.7146
-5.10204 -3.87755 -20.5603
-5.10204 -3.46939 -28.0135
-5.10204 -3.06122 -31.3368
-5.10204 -2.65306 -29.3937
-5.10204 -2.2449 -21.9323
-5.10204 -1.83673 -9.72053
-5.10204 -1.42857 5.50478
-5.10204 -1.02041 21.2789
-5.10204 -0.612245 34.8083
-5.10204 -0.204082 43.4624
-5.10204 0.204082 43.4624
-5.10204 0.612245 34.8083
-5.10204 1.02041 21.2789
-5.10204 1.42857 5.50478
-5.10204 1.83673 -9.72053
-5.10204 2.2449 -21.9323
-5.10204 2.65306 -29.3937
-5.10204 3.06122 -31.3368
-5.10204 3.46939 -28.0135
-5.10204 3.87755 -20.5603
-5.10204 4.28571 -10.7146
-5.10204 4.69388 -0.445009
-5.10204 5.10204 8.4299
-5.10204 5.5102 14.5618
-5.10204 5.91837 17.2761
-5.10204 6.32653 16.6282
-5.10204 6.73469 13.3119
-5.10204 7.14286 8.44914
-5.10204 7.55102 3.31043
-5.10204 7.95918 -0.970964
-5.10204 8.36735 -3.63287
-5.10204 8.77551 -4.41908
-5.10204 9.18367 -3.59164
-5.10204 9.59184 -1.82357
-5.10204 10 0
-4.69388 -10 0
-4.69388 -9.59184 -2.13525
-4.69388 -9.18367 -4.20552
-4.69388 -8.77551 -5.17438
-4.69388 -8.36735 -4.2538
-4.69388 -7.95918 -1.13692
-4.69388 -7.55102 3.87624
-4.69388 -7.14286 9.89325
-4.69388 -6.73469 15.5872
-4.69388 -6.32653 19.4702
-4.69388 -5.91837 20.2289
-4.69388 -5.5102 17.0506
-4.69388 -5.10204 9.87072
-4.69388 -4.69388 -0.521069
-4.69388 -4.28571 -12.5459
-4.69388 -3.87755 -24.0744
-4.69388 -3.46939 -32.8015
-4.69388 -3.06122 -36.6929
-4.69388 -2.65306 -34.4177
-4.69388 -2.2449 -25.681
-4.69388 -1.83673 -11.3819
-4.69388 -1.42857 6.44565
-4.69388 -1.02041 24.9159
-4.69388 -0.612245 40.7576
-4.69388 -0.204082 50.8909
-4.69388 0.204082 50.8909
-4.69388 0.612245 40.7576
-4.69388 1.02041 24.9159
-4.69388 1.42857 6.44565
-4.69388 1.83673 -11.3819
-4.69388 2.2449 -25.681
-4.69388 2.65306 -34.4177
-4.69388 3.06122 -36.6929
-4.69388 3.46939 -32.8015
-4.69388 3.87755 -24.0744
-4.69388 4.28571 -12.5459
-4.69388 4.69388 -0.521069
-4.69388 5.10204 9.87072
-4.69388 5.5102 17.0506
-4.69388 5.91837 20.2289
-4.69388 6.32653 19.4702
-4.69388 6.73469 15.5872
-4.69388 7.14286 9.89325
-4.69388 7.55102 3.87624
-4.69388 7.95918 -1.13692
-4.69388 8.36735 -4.2538
-4.69388 8.77551 -5.17438
-4.69388 9.18367 -4.20552
-4.69388 9.59184 -2.13525
-4.69388 10 0
-4.28571 -10 0
-4.28571 -9.59184 -2.0937
-4.28571 -9.18367 -4.12369
-4.28571 -8.77551 -5.0737
-4.28571 -8.36735 -4.17103
-4.28571 -7.95918 -1.1148
-4.28571 -7.55102 3.80082
-4.28571 -7.14286 9.70075
-4.28571 -6.73469 15.2839
-4.28571 -6.32653 19.0914
-4.28571 -5.91837 19.8352
-4.28571 -5.5102 16.7189
-4.28571 -5.10204 9.67865
-4.28571 -4.69388 -0.51093
-4.28571 -4.28571 -12.3018
-4.28571 -3.87755 -23.606
-4.28571 -3.46939 -32.1633
-4.28571 -3.06122 -35.9789
-4.28571 -2.65306 -33.7479
-4.28571 -2.2449 -25.1812
-4.28571 -1.83673 -11.1605
-4.28571 -1.42857 6.32023
-4.28571 -1.02041 24.4311
-4.28571 -0.612245 39.9646
-4.28571 -0.204082 49.9007
-4.28571 0.204082 49.9007
-4.28571 0.612245 39.9646
-4.28571 1.02041 24.4311
-4.28571 1.42857 6.32023
-4.28571 1.83673 -11.1605
-4.28571 2.2449 -25.1812
-4.28571 2.65306 -33.7479
-4.28571 3.06122 -35.9789
-4.28571 3.46939 -32.1633
-4.28571 3.87755 -23.606
-4.28571 4.28571 -12.3018
-4.28571 4.69388 -0.51093
-4.28571 5.10204 9.67865
-4.28571 5.5102 16.7189
-4.28571 5.91837 19.8352
-4.28571 6.32653 19.0914
-4.28571 6.73469 15.2839
-4.28571 7.14286 9.70075
-4.28571 7.55102 3.80082
-4.28571 7.95918 -1.1148
-4.28571 8.36735 -4.17103
-4.28571 8.77551 -5.0737
-4.28571 9.18367 -4.12369
-4.28571 9.59184 -2.0937
-4.28571 10 0
-3.87755 -10 0
-3.87755 -9.59184 -1.65419
-3.87755 -9.18367 -3.25804
-3.87755 -8.77551 -4.00863
-3.87755 -8.36735 -3.29545
-3.87755 -7.95918 -0.880779
-3.87755 -7.55102 3.00295
-3.87755 -7.14286 7.66437
-3.87755 -6.73469 12.0755
-3.87755 -6.32653 15.0837
-3.87755 -5.91837 15.6714
-3.87755 -5.5102 13.2093
-3.87755 -5.10204 7.64692
-3.87755 -4.69388 -0.403676
-3.87755 -4.28571 -9.71943
-3.87755 -3.87755 -18.6506
-3.87755 -3.46939 -25.4116
-3.87755 -3.06122 -28.4262
-3.87755 -2.65306 -26.6636
-3.87755 -2.2449 -19.8952
-3.87755 -1.83673 -8.81767
-3.87755 -1.42857 4.99349
-3.87755 -1.02041 19.3025
-3.87755 -0.612245 31.5752
-3.87755 -0.204082 39.4256
-3.87755 0.204082 39.4256
-3.87755 0.612245 31.5752
-3.87755 1.02041 19.3025
-3.87755 1.42857 4.99349
-3.87755 1.83673 -8.81767
-3.87755 2.2449 -19.8952
-3.87755 2.65306 -26.6636
-3.87755 3.06122 -28.4262
-3.87755 3.46939 -25.4116
-3.87755 3.87755 -18.6506
-3.87755 4.28571 -9.71943
-3.87755 4.69388 -0.403676
-3.87755 5.10204 7.64692
-3.87755 5.5102 13.2093
-3.87755 5.91837 15.6714
-3.87755 6.32653 15.0837
-3.87755 6.73469 12.0755
-3.87755 7.14286 7.66437
-3.87755 7.55102 3.00295
-3.87755 7.95918 -0.880779
-3.87755 8.36735 -3.29545
-3.87755 8.77551 -4.00863
-3.87755 9.18367 -3.25804
-3.87755 9.59184 -1.65419
-3.87755 10 0
-3.46939 -10 0
-3.46939 -9.59184 -0.846245
-3.46939 -9.18367 -1.66674
-3.46939 -8.77551 -2.05072
-3.46939 -8.36735 -1.68587
-3.46939 -7.95918 -0.450586
-3.46939 -7.55102 1.53624
-3.46939 -7.14286 3.92091
-3.46939 -6.73469 6.17754
-3.46939 -6.32653 7.71648
-3.46939 -5.91837 8.01714
-3.46939 -5.5102 6.75754
-3.46939 -5.10204 3.91198
-3.46939 -4.69388 -0.206511
-3.46939 -4.28571 -4.97223
-3.46939 -3.87755 -9.54123
-3.46939 -3.46939 -13
-3.46939 -3.06122 -14.5422
-3.46939 -2.65306 -13.6405
-3.46939 -2.2449 -10.1779
-3.46939 -1.83673 -4.51091
-3.46939 -1.42857 2.55455
-3.46939 -1.02041 9.87471
-3.46939 -0.612245 16.1531
-3.46939 -0.204082 20.1692
-3.46939 0.204082 20.1692
-3.46939 0.612245 16.1531
-3.46939 1.02041 9.87471
-3.46939 1.42857 2.55455
-3.46939 1.83673 -4.51091
-3.46939 2.2449 -10.1779
-3.46939 2.65306 -13.6405
-3.46939 3.06122 -14.5422
-3.46939 3.46939 -13
-3.46939 3.87755 -9.54123
-3.46939 4.28571 -4.97223
-3.46939 4.69388 -0.206511
-3.46939 5.10204 3.91198
-3.46939 5.5102 6.75754
-3.46939 5.91837 8.01714
-3.46939 6.32653 7.71648
-3.46939 6.73469 6.17754
-3.46939 7.14286 3.92091
-3.46939 7.55102 1.53624
-3.46939 7.95918 -0.450586
-3.46939 8.36735 -1.68587
-3.46939 8.77551 -2.05072
-3.46939 9.18367 -1.66674
-3.46939 9.59184 -0.846245
-3.46939 10 0
-3.06122 -10 -0
-3.06122 -9.59184 0.224205
-3.06122 -9.18367 0.441587
-3.06122 -8.77551 0.543319
-3.06122 -8.36735 0.446656
-3.06122 -7.95918 0.119378
-3.06122 -7.55102 -0.407012
-3.06122 -7.14286 -1.03881
-3.06122 -6.73469 -1.63668
-3.06122 -6.32653 -2.04441
-3.06122 -5.91837 -2.12406
-3.06122 -5.5102 -1.79035
-3.06122 -5.10204 -1.03644
-3.06122 -4.69388 0.0547131
-3.06122 -4.28571 1.31735
-3.06122 -3.87755 2.52786
-3.06122 -3.46939 3.44422
-3.06122 -3.06122 3.85281
-3.06122 -2.65306 3.61391
-3.06122 -2.2449 2.69654
-3.06122 -1.83673 1.19512
-3.06122 -1.42857 -0.676804
-3.06122 -1.02041 -2.61621
-3.06122 -0.612245 -4.27962
-3.06122 -0.204082 -5.34364
-3.06122 0.204082 -5.34364
-3.06122 0.612245 -4.27962
-3.06122 1.02041 -2.61621
-3.06122 1.42857 -0.676804
-3.06122 1.83673 1.19512
-3.06122 2.2449 2.69654
-3.06122 2.65306 3.61391
-3.06122 3.06122 3.85281
-3.06122 3.46939 3.44422
-3.06122 3.87755 2.52786
-3.06122 4.28571 1.31735
-3.06122 4.69388 0.0547131
-3.06122 5.10204 -1.03644
-3.06122 5.5102 -1.79035
-3.06122 5.91837 -2.12406
-3.06122 6.32653 -2.04441
-3.06122 6.73469 -1.63668
-3.06122 7.14286 -1.03881
-3.06122 7.55102 -0.407012
-3.06122 7.95918 0.119378
-3.06122 8.36735 0.446656
-3.06122 8.77551 0.543319
-3.06122 9.18367 0.441587
-3.06122 9.59184 0.224205
-3.06122 10 -0
-2.65306 -10 -0
-2.65306 -9.59184 1.38781
-2.65306 -9.18367 2.73339
-2.65306 -8.77551 3.3631
-2.65306 -8.36735 2.76477
-2.65306 -7.95918 0.738943
-2.65306 -7.55102 -2.51937
-2.65306 -7.14286 -6.43014
-2.65306 -6.73469 -10.1309
-2.65306 -6.32653 -12.6547
-2.65306 -5.91837 -13.1478
-2.65306 -5.5102 -11.0821
-2.65306 -5.10204 -6.4155
-2.65306 -4.69388 0.33867
-2.65306 -4.28571 8.15427
-2.65306 -3.87755 15.6472
-2.65306 -3.46939 21.3194
-2.65306 -3.06122 23.8486
-2.65306 -2.65306 22.3698
-2.65306 -2.2449 16.6914
-2.65306 -1.83673 7.39772
-2.65306 -1.42857 -4.18936
-2.65306 -1.02041 -16.1941
-2.65306 -0.612245 -26.4905
-2.65306 -0.204082 -33.0767
-2.65306 0.204082 -33.0767
-2.65306 0.612245 -26.4905
-2.65306 1.02041 -16.1941
-2.65306 1.42857 -4.18936
-2.65306 1.83673 7.39772
-2.65306 2.2449 16.6914
-2.65306 2.65306 22.3698
-2.65306 3.06122 23.8486
-2.65306 3.46939 21.3194
-2.65306 3.87755 15.6472
-2.65306 4.28571 8.15427
-2.65306 4.69388 0.33867
-2.65306 5.10204 -6.4155
-2.65306 5.5102 -11.0821
-2.65306 5.91837 -13.1478
-2.65306 6.32653 -12.6547
-2.65306 6.73469 -10.1309
-2.65306 7.14286 -6.43014
-2.65306 7.55102 -2.51937
-2.65306 7.95918 0.738943
-2.65306 8.36735 2.76477
-2.65306 8.77551 3.3631
-2.65306 9.18367 2.73339
-2.65306 9.59184 1.38781
-2.65306 10 -0
-2.2449 -10 -0
-2.2449 -9.59184 2.43856
-2.2449 -9.18367 4.80291
-2.2449 -8.77551 5.9094
-2.2449 -8.36735 4.85805
-2.2449 -7.95918 1.29842
-2.2449 -7.55102 -4.42686
-2.2449 -7.14286 -11.2986
-2.2449 -6.73469 -17.8013
-2.2449 -6.32653 -22.236
-2.2449 -5.91837 -23.1023
-2.2449 -5.5102 -19.4727
-2.2449 -5.10204 -11.2728
-2.2449 -4.69388 0.595086
-2.2449 -4.28571 14.3281
-2.2449 -3.87755 27.4942
-2.2449 -3.46939 37.461
-2.2449 -3.06122 41.905
-2.2449 -2.65306 39.3066
-2.2449 -2.2449 29.3289
-2.2449 -1.83673 12.9987
-2.2449 -1.42857 -7.36125
-2.2449 -1.02041 -28.4552
-2.2449 -0.612245 -46.5472
-2.2449 -0.204082 -58.1199
-2.2449 0.204082 -58.1199
-2.2449 0.612245 -46.5472
-2.2449 1.02041 -28.4552
-2.2449 1.42857 -7.36125
-2.2449 1.83673 12.9987
-2.2449 2.2449 29.3289
-2.2449 2.65306 39.3066
-2.2449 3.06122 41.905
-2.2449 3.46939 37.461
-2.2449 3.87755 27.4942
-2.2449 4.28571 14.3281
-2.2449 4.69388 0.595086
-2.2449 5.10204 -11.2728
-2.2449 5.5102 -19.4727
-2.2449 5.91837 -23.1023
-2.2449 6.32653 -22.236
-2.2449 6.73469 -17.8013
-2.2449 7.14286 -11.2986
-2.2449 7.55102 -4.42686
-2.2449 7.95918 1.29842
-2.2449 8.36735 4.85805
-2.2449 8.77551 5.9094
-2.2449 9.18367 4.80291
-2.2449 9.59184 2.43856
-2.2449 10 -0
-1.83673 -10 -0
-1.83673 -9.59184 3.17006
-1.83673 -9.18367 6.24365
-1.83673 -8.77551 7.68206
-1.83673 -8.36735 6.31533
-1.83673 -7.95918 1.68791
-1.83673 -7.55102 -5.7548
-1.83673 -7.14286 -14.6879
-1.83673 -6.73469 -23.1413
-1.83673 -6.32653 -28.9062
-1.83673 -5.91837 -30.0324
-1.83673 -5.5102 -25.3139
-1.83673 -5.10204 -14.6544
-1.83673 -4.69388 0.773596
-1.83673 -4.28571 18.6261
-1.83673 -3.87755 35.7417
-1.83673 -3.46939 48.6982
-1.83673 -3.06122 54.4754
-1.83673 -2.65306 51.0976
-1.83673 -2.2449 38.1268
-1.83673 -1.83673 16.898
-1.83673 -1.42857 -9.56942
-1.83673 -1.02041 -36.9909
-1.83673 -0.612245 -60.5101
-1.83673 -0.204082 -75.5544
-1.83673 0.204082 -75.5544
-1.83673 0.612245 -60.5101
-1.83673 1.02041 -36.9909
-1.83673 1.42857 -9.56942
-1.83673 1.83673 16.898
-1.83673 2.2449 38.1268
-1.83673 2.65306 51.0976
-1.83673 3.06122 54.4754
-1.83673 3.46939 48.6982
-1.83673 3.87755 35.7417
-1.83673 4.28571 18.6261
-1.83673 4.69388 0.773596
-1.83673 5.10204 -14.6544
-1.83673 5.5102 -25.3139
-1.83673 5.91837 -30.0324
-1.83673 6.32653 -28.9062
-1.83673 6.73469 -23.1413
-1.83673 7.14286 -14.6879
-1.83673 7.55102 -5.7548
-1.83673 7.95918 1.68791
-1.83673 8.36735 6.31533
-1.83673 8.77551 7.68206
-1.83673 9.18367 6.24365
-1.83673 9.59184 3.17006
-1.83673 10 -0
-1.42857 -10 -0
-1.42857 -9.59184 3.415
-1.42857 -9.18367 6.72609
-1.42857 -8.77551 8.27564
-1.42857 -8.36735 6.8033
-1.42857 -7.95918 1.81833
-1.42857 -7.55102 -6.19946
-1.42857 -7.14286 -15.8228
-1.42857 -6.73469 -24.9293
-1.42857 -6.32653 -31.1397
-1.42857 -5.91837 -32.353
-1.42857 -5.5102 -27.2699
-1.42857 -5.10204 -15.7867
-1.42857 -4.69388 0.833371
-1.42857 -4.28571 20.0653
-1.42857 -3.87755 38.5034
-1.42857 -3.46939 52.4611
-1.42857 -3.06122 58.6847
-1.42857 -2.65306 55.0458
-1.42857 -2.2449 41.0728
-1.42857 -1.83673 18.2037
-1.42857 -1.42857 -10.3088
-1.42857 -1.02041 -39.8492
-1.42857 -0.612245 -65.1856
-1.42857 -0.204082 -81.3923
-1.42857 0.204082 -81.3923
-1.42857 0.612245 -65.1856
-1.42857 1.02041 -39.8492
-1.42857 1.42857 -10.3088
-1.42857 1.83673 18.2037
-1.42857 2.2449 41.0728
-1.42857 2.65306 55.0458
-1.42857 3.06122 58.6847
-1.42857 3.46939 52.4611
-1.42857 3.87755 38.5034
-1.42857 4.28571 20.0653
-1.42857 4.69388 0.833371
-1.42857 5.10204 -15.7867
-1.42857 5.5102 -27.2699
-1.42857 5.91837 -32.353
-1.42857 6.32653 -31.1397
-1.42857 6.73469 -24.9293
-1.42857 7.14286 -15.8228
-1.42857 7.55102 -6.19946
-1.42857 7.95918 1.81833
-1.42857 8.36735 6.8033
-1.42857 8.77551 8.27564
-1.42857 9.18367 6.72609
-1.42857 9.59184 3.415
-1.42857 10 -0
-1.02041 -10 -0
-1.02041 -9.59184 3.08039
-1.02041 -9.18367 6.06704
-1.02041 -8.77551 7.46476
-1.02041 -8.36735 6.13669
-1.02041 -7.95918 1.64016
-1.02041 -7.55102 -5.59201
-1.02041 -7.14286 -14.2724
-1.02041 -6.73469 -22.4867
-1.02041 -6.32653 -28.0885
-1.02041 -5.91837 -29.1829
-1.02041 -5.5102 -24.5979
-1.02041 -5.10204 -14.2399
-1.02041 -4.69388 0.751714
-1.02041 -4.28571 18.0993
-1.02041 -3.87755 34.7307
-1.02041 -3.46939 47.3207
-1.02041 -3.06122 52.9345
-1.02041 -2.65306 49.6522
-1.02041 -2.2449 37.0483
-1.02041 -1.83673 16.42
-1.02041 -1.42857 -9.29873
-1.02041 -1.02041 -35.9446
-1.02041 -0.612245 -58.7985
-1.02041 -0.204082 -73.4172
-1.02041 0.204082 -73.4172
-1.02041 0.612245 -58.7985
-1.02041 1.02041 -35.9446
-1.02041 1.42857 -9.29873
-1.02041 1.83673 16.42
-1.02041 2.2449 37.0483
-1.02041 2.65306 49.6522
-1.02041 3.06122 52.9345
-1.02041 3.46939 47.3207
-1.02041 3.87755 34.7307
-1.02041 4.28571 18.0993
-1.02041 4.69388 0.751714
-1.02041 5.10204 -14.2399
-1.02041 5.5102 -24.5979
-1.02041 5.91837 -29.1829
-1.02041 6.32653 -28.0885
-1.02041 6.73469 -22.4867
-1.02041 7.14286 -14.2724
-1.02041 7.55102 -5.59201
-1.02041 7.95918 1.64016
-1.02041 8.36735 6.13669
-1.02041 8.77551 7.46476
-1.02041 9.18367 6.06704
-1.02041 9.59184 3.08039
-1.02041 10 -0
-0.612245 -10 -0
-0.612245 -9.59184 2.17146
-0.612245 -9.18367 4.27685
-0.612245 -8.77551 5.26215
-0.612245 -8.36735 4.32595
-0.612245 -7.95918 1.1562
-0.612245 -7.55102 -3.94199
-0.612245 -7.14286 -10.0611
-0.612245 -6.73469 -15.8516
-0.612245 -6.32653 -19.8005
-0.612245 -5.91837 -20.572
-0.612245 -5.5102 -17.3398
-0.612245 -5.10204 -10.0381
-0.612245 -4.69388 0.529907
-0.612245 -4.28571 12.7588
-0.612245 -3.87755 24.4828
-0.612245 -3.46939 33.3579
-0.612245 -3.06122 37.3152
-0.612245 -2.65306 35.0014
-0.612245 -2.2449 26.1165
-0.612245 -1.83673 11.575
-0.612245 -1.42857 -6.55498
-0.612245 -1.02041 -25.3385
-0.612245 -0.612245 -41.449
-0.612245 -0.204082 -51.7541
-0.612245 0.204082 -51.7541
-0.612245 0.612245 -41.449
-0.612245 1.02041 -25.3385
-0.612245 1.42857 -6.55498
-0.612245 1.83673 11.575
-0.612245 2.2449 26.1165
-0.612245 2.65306 35.0014
-0.612245 3.06122 37.3152
-0.612245 3.46939 33.3579
-0.612245 3.87755 24.4828
-0.612245 4.28571 12.7588
-0.612245 4.69388 0.529907
-0.612245 5.10204 -10.0381
-0.612245 5.5102 -17.3398
-0.612245 5.91837 -20.572
-0.612245 6.32653 -19.8005
-0.612245 6.73469 -15.8516
-0.612245 7.14286 -10.0611
-0.612245 7.55102 -3.94199
-0.612245 7.95918 1.1562
-0.612245 8.36735 4.32595
-0.612245 8.77551 5.26215
-0.612245 9.18367 4.27685
-0.612245 9.59184 2.17146
-0.612245 10 -0
-0.204082 -10 -0
-0.204082 -9.59184 0.799053
-0.204082 -9.18367 1.57379
-0.204082 -8.77551 1.93636
-0.204082 -8.36735 1.59186
-0.204082 -7.95918 0.425458
-0.204082 -7.55102 -1.45057
-0.204082 -7.14286 -3.70226
-0.204082 -6.73469 -5.83304
-0.204082 -6.32653 -7.28616
-0.204082 -5.91837 -7.57005
-0.204082 -5.5102 -6.3807
-0.204082 -5.10204 -3.69382
-0.204082 -4.69388 0.194995
-0.204082 -4.28571 4.69495
-0.204082 -3.87755 9.00915
-0.204082 -3.46939 12.275
-0.204082 -3.06122 13.7312
-0.204082 -2.65306 12.8798
-0.204082 -2.2449 9.61033
-0.204082 -1.83673 4.25936
-0.204082 -1.42857 -2.41209
-0.204082 -1.02041 -9.32403
-0.204082 -0.612245 -15.2523
-0.204082 -0.204082 -19.0444
-0.204082 0.204082 -19.0444
-0.204082 0.612245 -15.2523
-0.204082 1.02041 -9.32403
-0.204082 1.42857 -2.41209
-0.204082 1.83673 4.25936
-0.204082 2.2449 9.61033
-0.204082 2.65306 12.8798
-0.204082 3.06122 13.7312
-0.204082 3.46939 12.275
-0.204082 3.87755 9.00915
-0.204082 4.28571 4.69495
-0.204082 4.69388 0.194995
-0.204082 5.10204 -3.69382
-0.204082 5.5102 -6.3807
-0.204082 5.91837 -7.57005
-0.204082 6.32653 -7.28616
-0.204082 6.73469 -5.83304
-0.204082 7.14286 -3.70226
-0.204082 7.55102 -1.45057
-0.204082 7.95918 0.425458
-0.204082 8.36735 1.59186
-0.204082 8.77551 1.93636
-0.204082 9.18367 1.57379
-0.204082 9.59184 0.799053
-0.204082 10 -0
0.204082 -10 0
0.204082 -9.59184 -0.799053
0.204082 -9.18367 -1.57379
0.204082 -8.77551 -1.93636
0.204082 -8.36735 -1.59186
0.204082 -7.95918 -0.425458
0.204082 -7.55102 1.45057
0.204082 -7.14286 3.70226
0.204082 -6.73469 5.83304
0.204082 -6.32653 7.28616
0.204082 -5.91837 7.57005
0.204082 -5.5102 6.3807
0.204082 -5.10204 3.69382
0.204082 -4.69388 -0.194995
0.204082 -4.28571 -4.69495
0.204082 -3.87755 -9.00915
0.204082 -3.46939 -12.275
0.204082 -3.06122 -13.7312
0.204082 -2.65306 -12.8798
0.204082 -2.2449 -9.61033
0.204082 -1.83673 -4.25936
0.204082 -1.42857 2.41209
0.204082 -1.02041 9.32403
0.204082 -0.612245 15.2523
0.204082 -0.204082 19.0444
0.204082 0.204082 19.0444
0.204082 0.612245 15.2523
0.204082 1.02041 9.32403
0.204082 1.42857 2.41209
0.204082 1.83673 -4.25936
0.204082 2.2449 -9.61033
0.204082 2.65306 -12.8798
0.204082 3.06122 -13.7312
0.204082 3.46939 -12.275
0.204082 3.87755 -9.00915
0.204082 4.28571 -4.69495
0.204082 4.69388 -0.194995
0.204082 5.10204 3.69382
0.204082 5.5102 6.3807
0.204082 5.91837 7.57005
0.204082 6.32653 7.28616
0.204082 6.73469 5.83304
0.204082 7.14286 3.70226
0.204082 7.55102 1.45057
0.204082 7.95918 -0.425458
0.204082 8.36735 -1.59186
0.204082 8.77551 -1.93636
0.204082 9.18367 -1.57379
0.204082 9.59184 -0.799053
0.204082 10 0
0.612245 -10 0
0.612245 -9.59184 -2.17146
0.612245 -9.18367 -4.27685
0.612245 -8.77551 -5.26215
0.612245 -8.36735 -4.32595
0.612245 -7.95918 -1.1562
0.612245 -7.55102 3.94199
0.612245 -7.14286 10.0611
0.612245 -6.73469 15.8516
0.612245 -6.32653 19.8005
0.612245 -5.91837 20.572
0.612245 -5.5102 17.3398
0.612245 -5.10204 10.0381
0.612245 -4.69388 -0.529907
0.612245 -4.28571 -12.7588
0.612245 -3.87755 -24.4828
0.612245 -3.46939 -33.3579
0.612245 -3.06122 -37.3152
0.612245 -2.65306 -35.0014
0.612245 -2.2449 -26.1165
0.612245 -1.83673 -11.575
0.612245 -1.42857 6.55498
0.612245 -1.02041 25.3385
0.612245 -0.612245 41.449
0.612245 -0.204082 51.7541
0.612245 0.204082 51.7541
0.612245 0.612245 41.449
0.612245 1.02041 25.3385
0.612245 1.42857 6.55498
0.612245 1.83673 -11.575
0.612245 2.2449 -26.1165
0.612245 2.65306 -35.0014
0.612245 3.06122 -37.3152
0.612245 3.46939 -33.3579
0.612245 3.87755 -24.4828
0.612245 4.28571 -12.7588
0.612245 4.69388 -0.529907
0.612245 5.10204 10.0381
0.612245 5.5102 17.3398
0.612245 5.91837 20.572
0.612245 6.32653 19.8005
0.612245 6.73469 15.8516
0.612245 7.14286 10.0611
0.612245 7.55102 3.94199
0.612245 7.95918 -1.1562
0.612245 8.36735 -4.32595
0.612245 8.77551 -5.26215
0.612245 9.18367 -4.27685
0.612245 9.59184 -2.17146
0.612245 10 0
1.02041 -10 0
1.02041 -9.59184 -3.08039
1.02041 -9.18367 -6.06704
1.02041 -8.77551 -7.46476
1.02041 -8.36735 -6.13669
1.02041 -7.95918 -1.64016
1.02041 -7.55102 5.59201
1.02041 -7.14286 14.2724
1.02041 -6.73469 22.4867
1.02041 -6.32653 28.0885
1.02041 -5.91837 29.1829
1.02041 -5.5102 24.5979
1.02041 -5.10204 14.2399
1.02041 -4.69388 -0.751714
1.02041 -4.28571 -18.0993
1.02041 -3.87755 -34.7307
1.02041 -3.46939 -47.3207
1.02041 -3.06122 -52.9345
1.02041 -2.65306 -49.6522
1.02041 -2.2449 -37.0483
1.02041 -1.83673 -16.42
1.02041 -1.42857 9.29873
1.02041 -1.02041 35.9446
1.02041 -0.612245 58.7985
1.02041 -0.204082 73.4172
1.02041 0.204082 73.4172
1.02041 0.612245 58.7985
1.02041 1.02041 35.9446
1.02041 1.42857 9.29873
1.02041 1.83673 -16.42
1.02041 2.2449 -37.0483
1.02041 2.65306 -49.6522
1.02041 3.06122 -52.9345
1.02041 3.46939 -47.3207
1.02041 3.87755 -34.7307
1.02041 4.28571 -18.0993
1.02041 4.69388 -0.751714
1.02041 5.10204 14.2399
1.02041 5.5102 24.5979
1.02041 5.91837 29.1829
1.02041 6.32653 28.0885
1.02041 6.73469 22.4867
1.02041 7.14286 14.2724
1.02041 7.55102 5.59201
1.02041 7.95918 -1.64016
1.02041 8.36735 -6.13669
1.02041 8.77551 -7.46476
1.02041 9.18367 -6.06704
1.02041 9.59184 -3.08039
1.02041 10 0
1.42857 -10 0
1.42857 -9.59184 -3.415
1.42857 -9.18367 -6.72609
1.42857 -8.77551 -8.27564
1.42857 -8.36735 -6.8033
1.42857 -7.95918 -1.81833
1.42857 -7.55102 6.19946
1.42857 -7.14286 15.8228
1.42857 -6.73469 24.9293
1.42857 -6.32653 31.1397
1.42857 -5.91837 32.353
1.42857 -5.5102 27.2699
1.42857 -5.10204 15.7867
1.42857 -4.69388 -0.833371
1.42857 -4.28571 -20.0653
1.42857 -3.87755 -38.5034
1.42857 -3.46939 -52.4611
1.42857 -3.06122 -58.6847
1.42857 -2.65306 -55.0458
1.42857 -2.2449 -41.0728
1.42857 -1.83673 -18.2037
1.42857 -1.42857 10.3088
1.42857 -1.02041 39.8492
1.42857 -0.612245 65.1856
1.42857 -0.204082 81.3923
1.42857 0.204082 81.3923
1.42857 0.612245 65.1856
1.42857 1.02041 39.8492
1.42857 1.42857 10.3088
1.42857 1.83673 -18.2037
1.42857 2.2449 -41.0728
1.42857 2.65306 -55.0458
1.42857 3.06122 -58.6847
1.42857 3.46939 -52.4611
1.42857 3.87755 -38.5034
1.42857 4.28571 -20.0653
1.42857 4.69388 -0.833371
1.42857 5.10204 15.7867
1.42857 5.5102 27.2699
1.42857 5.91837 32.353
1.42857 6.32653 31.1397
1.42857 6.73469 24.9293
1.42857 7.14286 15.8228
1.42857 7.55102 6.19946
1.42857 7.95918 -1.81833
1.42857 8.36735 -6.8033
1.42857 8.77551 -8.27564
1.42857 9.18367 -6.72609
1.42857 9.59184 -3.415
1.42857 10 0
1.83673 -10 0
1.83673 -9.59184 -3.17006
1.83673 -9.18367 -6.24365
1.83673 -8.77551 -7.68206
1.83673 -8.36735 -6.31533
1.83673 -7.95918 -1.68791
1.83673 -7.55102 5.7548
1.83673 -7.14286 14.6879
1.83673 -6.73469 23.1413
1.83673 -6.32653 28.9062
1.83673 -5.91837 30.0324
1.83673 -5.5102 25.3139
1.83673 -5.10204 14.6544
1.83673 -4.69388 -0.773596
1.83673 -4.28571 -18.6261
1.83673 -3.87755 -35.7417
1.83673 -3.46939 -48.6982
1.83673 -3.06122 -54.4754
1.83673 -2.65306 -51.0976
1.83673 -2.2449 -38.1268
1.83673 -1.83673 -16.898
1.83673 -1.42857 9.56942
1.83673 -1.02041 36.9909
1.83673 -0.612245 60.5101
1.83673 -0.204082 75.5544
1.83673 0.204082 75.5544
1.83673 0.612245 60.5101
1.83673 1.02041 36.9909
1.83673 1.42857 9.56942
1.83673 1.83673 -16.898
1.83673 2.2449 -38.1268
1.83673 2.65306 -51.0976
1.83673 3.06122 -54.4754
1.83673 3.46939 -48.6982
1.83673 3.87755 -35.7417
1.83673 4.28571 -18.6261
1.83673 4.69388 -0.773596
1.83673 5.10204 14.6544
1.83673 5.5102 25.3139
1.83673 5.91837 30.0324
1.83673 6.32653 28.9062
1.83673 6.73469 23.1413
1.83673 7.14286 14.6879
1.83673 7.55102 5.7548
1.83673 7.95918 -1.68791
1.83673 8.36735 -6.31533
1.83673 8.77551 -7.68206
1.83673 9.18367 -6.24365
1.83673 9.59184 -3.17006
1.83673 10 0
2.2449 -10 0
2.2449 -9.59184 -2.43856
2.2449 -9.18367 -4.80291
2.2449 -8.77551 -5.9094
2.2449 -8.36735 -4.85805
2.2449 -7.95918 -1.29842
2.2449 -7.55102 4.42686
2.2449 -7.14286 11.2986
2.2449 -6.73469 17.8013
2.2449 -6.32653 22.236
2.2449 -5.91837 23.1023
2.2449 -5.5102 19.4727
2.2449 -5.10204 11.2728
2.2449 -4.69388 -0.595086
2.2449 -4.28571 -14.3281
2.2449 -3.87755 -27.4942
2.2449 -3.46939 -37.461
2.2449 -3.06122 -41.905
2.2449 -2.65306 -39.3066
2.2449 -2.2449 -29.3289
2.2449 -1.83673 -12.9987
2.2449 -1.42857 7.36125
2.2449 -1.02041 28.4552
2.2449 -0.612245 46.5472
2.2449 -0.204082 58.1199
2.2449 0.204082 58.1199
2.2449 0.612245 46.5472
2.2449 1.02041 28.4552
2.2449 1.42857 7.36125
2.2449 1.83673 -12.9987
2.2449 2.2449 -29.3289
2.2449 2.65306 -39.3066
2.2449 3.06122 -41.905
2.2449 3.46939 -37.461
2.2449 3.87755 -27.4942
2.2449 4.28571 -14.3281
2.2449 4.69388 -0.595086
2.2449 5.10204 11.2728
2.2449 5.5102 19.4727
2.2449 5.91837 23.1023
2.2449 6.32653 22.236
2.2449 6.73469 17.8013
2.2449 7.14286 11.2986
2.2449 7.55102 4.42686
2.2449 7.95918 -1.29842
2.2449 8.36735 -4.85805
2.2449 8.77551 -5.9094
2.2449 9.18367 -4.80291
2.2449 9.59184 -2.43856
2.2449 10 0
2.65306 -10 0
2.65306 -9.59184 -1.38781
2.65306 -9.18367 -2.73339
2.65306 -8.77551 -3.3631
2.65306 -8.36735 -2.76477
2.65306 -7.95918 -0.738943
2.65306 -7.55102 2.51937
2.65306 -7.14286 6.43014
2.65306 -6.73469 10.1309
2.65306 -6.32653 12.6547
2.65306 -5.91837 13.1478
2.65306 -5.5102 11.0821
2.65306 -5.10204 6.4155
2.65306 -4.69388 -0.33867
2.65306 -4.28571 -8.15427
2.65306 -3.87755 -15.6472
2.65306 -3.46939 -21.3194
2.65306 -3.06122 -23.8486
2.65306 -2.65306 -22.3698
2.65306 -2.2449 -16.6914
2.65306 -1.83673 -7.39772
2.65306 -1.42857 4.18936
2.65306 -1.02041 16.1941
2.65306 -0.612245 26.4905
2.65306 -0.204082 33.0767
2.65306 0.204082 33.0767
2.65306 0.612245 26.4905
2.65306 1.02041 16.1941
2.65306 1.42857 4.18936
2.65306 1.83673 -7.39772
2.65306 2.2449 -16.6914
2.65306 2.65306 -22.3698
2.65306 3.06122 -23.8486
2.65306 3.46939 -21.3194
2.65306 3.87755 -15.6472
2.65306 4.28571 -8.15427
2.65306 4.69388 -0.33867
2.65306 5.10204 6.4155
2.65306 5.5102 11.0821
2.65306 5.91837 13.1478
2.65306 6.32653 12.6547
2.65306 6.73469 10.1309
2.65306 7.14286 6.43014
2.65306 7.55102 2.51937
2.65306 7.95918 -0.738943
2.65306 8.36735 -2.76477
2.65306 8.77551 -3.3631
2.65306 9.18367 -2.73339
2.65306 9.59184 -1.38781
2.65306 10 0
3.06122 -10 0
3.06122 -9.59184 -0.224205
3.06122 -9.18367 -0.441587
3.06122 -8.77551 -0.543319
3.06122 -8.36735 -0.446656
3.06122 -7.95918 -0.119378
3.06122 -7.55102 0.407012
3.06122 -7.14286 1.03881
3.06122 -6.73469 1.63668
3.06122 -6.32653 2.04441
3.06122 -5.91837 2.12406
3.06122 -5.5102 1.79035
3.06122 -5.10204 1.03644
3.06122 -4.69388 -0.0547131
3.06122 -4.28571 -1.31735
3.06122 -3.87755 -2.52786
3.06122 -3.46939 -3.44422
3.06122 -3.06122 -3.85281
3.06122 -2.65306 -3.61391
3.06122 -2.2449 -2.69654
3.06122 -1.83673 -1.19512
3.06122 -1.42857 0.676804
3.06122 -1.02041 2.61621
3.06122 -0.612245 4.27962
3.06122 -0.204082 5.34364
3.06122 0.204082 5.34364
3.06122 0.612245 4.27962
3.06122 1.02041 2.61621
3.06122 1.42857 0.676804
3.06122 1.83673 -1.19512
3.06122 2.2449 -2.69654
3.06122 2.65306 -3.61391
3.06122 3.06122 -3.85281
3.06122 3.46939 -3.44422
3.06122 3.87755 -2.52786
3.06122 4.28571 -1.31735
3.06122 4.69388 -0.0547131
3.06122 5.10204 1.03644
3.06122 5.5102 1.79035
3.06122 5.91837 2.12406
3.06122 6.32653 2.04441
3.06122 6.73469 1.63668
3.06122 7.14286 1.03881
3.06122 7.55102 0.407012
3.06122 7.95918 -0.119378
3.06122 8.36735 -0.446656
3.06122 8.77551 -0.543319
3.06122 9.18367 -0.441587
3.06122 9.59184 -0.224205
3.06122 10 0
3.46939 -10 -0
3.46939 -9.59184 0.846245
3.46939 -9.18367 1.66674
3.46939 -8.77551 2.05072
3.46939 -8.36735 1.68587
3.46939 -7.95918 0.450586
3.46939 -7.55102 -1.53624
3.46939 -7.14286 -3.92091
3.46939 -6.73469 -6.17754
3.46939 -6.32653 -7.71648
3.46939 -5.91837 -8.01714
3.46939 -5.5102 -6.75754
3.46939 -5.10204 -3.91198
3.46939 -4.69388 0.206511
3.46939 -4.28571 4.97223
3.46939 -3.87755 9.54123
3.46939 -3.46939 13
3.46939 -3.06122 14.5422
3.46939 -2.65306 13.6405
3.46939 -2.2449 10.1779
3.46939 -1.83673 4.51091
3.46939 -1.42857 -2.55455
3.46939 -1.02041 -9.87471
3.46939 -0.612245 -16.1531
3.46939 -0.204082 -20.1692
3.46939 0.204082 -20.1692
3.46939 0.612245 -16.1531
3.46939 1.02041 -9.87471
3.46939 1.42857 -2.55455
3.46939 1.83673 4.51091
3.46939 2.2449 10.1779
3.46939 2.65306 13.6405
3.46939 3.06122 14.5422
3.46939 3.46939 13
3.46939 3.87755 9.54123
3.46939 4.28571 4.97223
3.46939 4.69388 0.206511
3.46939 5.10204 -3.91198
3.46939 5.5102 -6.75754
3.46939 5.91837 -8.01714
3.46939 6.32653 -7.71648
3.46939 6.73469 -6.17754
3.46939 7.14286 -3.92091
3.46939 7.55102 -1.53624
3.46939 7.95918 0.450586
3.46939 8.36735 1.68587
3.46939 8.77551 2.05072
3.46939 9.18367 1.66674
3.46939 9.59184 0.846245
3.46939 10 -0
3.87755 -10 -0
3.87755 -9.59184 1.65419
3.87755 -9.18367 3.25804
3.87755 -8.77551 4.00863
3.87755 -8.36735 3.29545
3.87755 -7.95918 0.880779
3.87755 -7.55102 -3.00295
3.87755 -7.14286 -7.66437
3.87755 -6.73469 -12.0755
3.87755 -6.32653 -15.0837
3.87755 -5.91837 -15.6714
3.87755 -5.5102 -13.2093
3.87755 -5.10204 -7.64692
3.87755 -4.69388 0.403676
3.87755 -4.28571 9.71943
3.87755 -3.87755 18.6506
3.87755 -3.46939 25.4116
3.87755 -3.06122 28.4262
3.87755 -2.65306 26.6636
3.87755 -2.2449 19.8952
3.87755 -1.83673 8.81767
3.87755 -1.42857 -4.99349
3.87755 -1.02041 -19.3025
3.87755 -0.612245 -31.5752
3.87755 -0.204082 -39.4256
3.87755 0.204082 -39.4256
3.87755 0.612245 -31.5752
3.87755 1.02041 -19.3025
3.87755 1.42857 -4.99349
3.87755 1.83673 8.81767
3.87755 2.2449 19.8952
3.87755 2.65306 26.6636
3.87755 3.06122 28.4262
3.87755 3.46939 25.4116
3.87755 3.87755 18.6506
3.87755 4.28571 9.71943
3.87755 4.69388 0.403676
3.87755 5.10204 -7.64692
3.87755 5.5102 -13.2093
3.87755 5.91837 -15.6714
3.87755 6.32653 -15.0837
3.87755 6.73469 -12.0755
3.87755 7.14286 -7.66437
3.87755 7.55102 -3.00295
3.87755 7.95918 0.880779
3.87755 8.36735 3.29545
3.87755 8.77551 4.00863
3.87755 9.18367 3.25804
3.87755 9.59184 1.65419
3.87755 10 -0
4.28571 -10 -0
4.28571 -9.59184 2.0937
4.28571 -9.18367 4.12369
4.28571 -8.77551 5.0737
4.28571 -8.36735 4.17103
4.28571 -7.95918 1.1148
4.28571 -7.55102 -3.80082
4.28571 -7.14286 -9.70075
4.28571 -6.73469 -15.2839
4.28571 -6.32653 -19.0914
4.28571 -5.91837 -19.8352
4.28571 -5.5102 -16.7189
4.28571 -5.10204 -9.67865
4.28571 -4.69388 0.51093
4.28571 -4.28571 12.3018
4.28571 -3.87755 23.606
4.28571 -3.46939 32.1633
4.28571 -3.06122 35.9789
4.28571 -2.65306 33.7479
4.28571 -2.2449 25.1812
4.28571 -1.83673 11.1605
4.28571 -1.42857 -6.32023
4.28571 -1.02041 -24.4311
4.28571 -0.612245 -39.9646
4.28571 -0.204082 -49.9007
4.28571 0.204082 -49.9007
4.28571 0.612245 -39.9646
4.28571 1.02041 -24.4311
4.28571 1.42857 -6.32023
4.28571 1.83673 11.1605
4.28571 2.2449 25.1812
4.28571 2.65306 33.7479
4.28571 3.06122 35.9789
4.28571 3.46939 32.1633
4.28571 3.87755 23.606
4.28571 4.28571 12.3018
4.28571 4.69388 0.51093
4.28571 5.10204 -9.67865
4.28571 5.5102 -16.7189
4.28571 5.91837 -19.8352
4.28571 6.32653 -19.0914
4.28571 6.73469 -15.2839
4.28571 7.14286 -9.70075
4.28571 7.55102 -3.80082
4.28571 7.95918 1.1148
4.28571 8.36735 4.17103
4.28571 8.77551 5.0737
4.28571 9.18367 4.12369
4.28571 9.59184 2.0937
4.28571 10 -0
4.69388 -10 -0
4.69388 -9.59184 2.13525
4.69388 -9.18367 4.20552
4.69388 -8.77551 5.17438
4.69388 -8.36735 4.2538
4.69388 -7.95918 1.13692
4.69388 -7.55102 -3.87624
4.69388 -7.14286 -9.89325
4.69388 -6.73469 -15.5872
4.69388 -6.32653 -19.4702
4.69388 -5.91837 -20.2289
4.69388 -5.5102 -17.0506
4.69388 -5.10204 -9.87072
4.69388 -4.69388 0.521069
4.69388 -4.28571 12.5459
4.69388 -3.87755 24.0744
4.69388 -3.46939 32.8015
4.69388 -3.06122 36.6929
4.69388 -2.65306 34.4177
4.69388 -2.2449 25.681
4.69388 -1.83673 11.3819
4.69388 -1.42857 -6.44565
4.69388 -1.02041 -24.9159
4.69388 -0.612245 -40.7576
4.69388 -0.204082 -50.8909
4.69388 0.204082 -50.8909
4.69388 0.612245 -40.7576
4.69388 1.02041 -24.9159
4.69388 1.42857 -6.44565
4.69388 1.83673 11.3819
4.69388 2.2449 25.681
4.69388 2.65306 34.4177
4.69388 3.06122 36.6929
4.69388 3.46939 32.8015
4.69388 3.87755 24.0744
4.69388 4.28571 12.5459
4.69388 4.69388 0.521069
4.69388 5.10204 -9.87072
4.69388 5.5102 -17.0506
4.69388 5.91837 -20.2289
4.69388 6.32653 -19.4702
4.69388 6.73469 -15.5872
4.69388 7.14286 -9.89325
4.69388 7.55102 -3.87624
4.69388 7.95918 1.13692
4.69388 8.36735 4.2538
4.69388 8.77551 5.17438
4.69388 9.18367 4.20552
4.69388 9.59184 2.13525
4.69388 10 -0
5.10204 -10 -0
5.10204 -9.59184 1.82357
5.10204 -9.18367 3.59164
5.10204 -8.77551 4.41908
5.10204 -8.36735 3.63287
5.10204 -7.95918 0.970964
5.10204 -7.55102 -3.31043
5.10204 -7.14286 -8.44914
5.10204 -6.73469 -13.3119
5.10204 -6.32653 -16.6282
5.10204 -5.91837 -17.2761
5.10204 -5.5102 -14.5618
5.10204 -5.10204 -8.4299
5.10204 -4.69388 0.445009
5.10204 -4.28571 10.7146
5.10204 -3.87755 20.5603
5.10204 -3.46939 28.0135
5.10204 -3.06122 31.3368
5.10204 -2.65306 29.3937
5.10204 -2.2449 21.9323
5.10204 -1.83673 9.72053
5.10204 -1.42857 -5.50478
5.10204 -1.02041 -21.2789
5.10204 -0.612245 -34.8083
5.10204 -0.204082 -43.4624
5.10204 0.204082 -43.4624
5.10204 0.612245 -34.8083
5.10204 1.02041 -21.2789
5.10204 1.42857 -5.50478
5.10204 1.83673 9.72053
5.10204 2.2449 21.9323
5.10204 2.65306 29.3937
5.10204 3.06122 31.3368
5.10204 3.46939 28.0135
5.10204 3.87755 20.5603
5.10204 4.28571 10.7146
5.10204 4.69388 0.445009
5.10204 5.10204 -8.4299
5.10204 5.5102 -14.5618
5.10204 5.91837 -17.2761
5.10204 6.32653 -16.6282
5.10204 6.73469 -13.3119
5.10204 7.14286 -8.44914
5.10204 7.55102 -3.31043
5.10204 7.95918 0.970964
5.10204 8.36735 3.63287
5.10204 8.77551 4.41908
5.10204 9.18367 3.59164
5.10204 9.59184 1.82357
5.10204 10 -0
5.5102 -10 -0
5.5102 -9.59184 1.26182
5.5102 -9.18367 2.48524
5.5102 -8.77551 3.05779
5.5102 -8.36735 2.51377
5.5102 -7.95918 0.671859
5.5102 -7.55102 -2.29065
5.5102 -7.14286 -5.84639
5.5102 -6.73469 -9.21121
5.5102 -6.32653 -11.5059
5.5102 -5.91837 -11.9542
5.5102 -5.5102 -10.076
5.5102 -5.10204 -5.83307
5.5102 -4.69388 0.307924
5.5102 -4.28571 7.41399
5.5102 -3.87755 14.2267
5.5102 -3.46939 19.384
5.5102 -3.06122 21.6835
5.5102 -2.65306 20.339
5.5102 -2.2449 15.1761
5.5102 -1.83673 6.72613
5.5102 -1.42857 -3.80904
5.5102 -1.02041 -14.724
5.5102 -0.612245 -24.0856
5.5102 -0.204082 -30.0739
5.5102 0.204082 -30.0739
5.5102 0.612245 -24.0856
5.5102 1.02041 -14.724
5.5102 1.42857 -3.80904
5.5102 1.83673 6.72613
5.5102 2.2449 15.1761
5.5102 2.65306 20.339
5.5102 3.06122 21.6835
5.5102 3.46939 19.384
5.5102 3.87755 14.2267
5.5102 4.28571 7.41399
5.5102 4.69388 0.307924
5.5102 5.10204 -5.83307
5.5102 5.5102 -10.076
5.5102 5.91837 -11.9542
5.5102 6.32653 -11.5059
5.5102 6.73469 -9.21121
5.5102 7.14286 -5.84639
5.5102 7.55102 -2.29065
5.5102 7.95918 0.671859
5.5102 8.36735 2.51377
5.5102 8.77551 3.05779
5.5102 9.18367 2.48524
5.5102 9.59184 1.26182
5.5102 10 -0
5.91837 -10 -0
5.91837 -9.59184 0.586109
5.91837 -9.18367 1.15438
5.91837 -8.77551 1.42033
5.91837 -8.36735 1.16764
5.91837 -7.95918 0.312076
5.91837 -7.55102 -1.064
5.91837 -7.14286 -2.71563
5.91837 -6.73469 -4.27857
5.91837 -6.32653 -5.34444
5.91837 -5.91837 -5.55267
5.91837 -5.5102 -4.68027
5.91837 -5.10204 -2.70944
5.91837 -4.69388 0.14303
5.91837 -4.28571 3.44377
5.91837 -3.87755 6.60826
5.91837 -3.46939 9.00378
5.91837 -3.06122 10.0719
5.91837 -2.65306 9.44739
5.91837 -2.2449 7.04923
5.91837 -1.83673 3.12426
5.91837 -1.42857 -1.76928
5.91837 -1.02041 -6.83922
5.91837 -0.612245 -11.1877
5.91837 -0.204082 -13.9692
5.91837 0.204082 -13.9692
5.91837 0.612245 -11.1877
5.91837 1.02041 -6.83922
5.91837 1.42857 -1.76928
5.91837 1.83673 3.12426
5.91837 2.2449 7.04923
5.91837 2.65306 9.44739
5.91837 3.06122 10.0719
5.91837 3.46939 9.00378
5.91837 3.87755 6.60826
5.91837 4.28571 3.44377
5.91837 4.69388 0.14303
5.91837 5.10204 -2.70944
5.91837 5.5102 -4.68027
5.91837 5.91837 -5.55267
5.91837 6.32653 -5.34444
5.91837 6.73469 -4.27857
5.91837 7.14286 -2.71563
5.91837 7.55102 -1.064
5.91837 7.95918 0.312076
5.91837 8.36735 1.16764
5.91837 8.77551 1.42033
5.91837 9.18367 1.15438
5.91837 9.59184 0.586109
5.91837 10 -0
6.32653 -10 0
6.32653 -9.59184 -0.064066
6.32653 -9.18367 -0.126182
6.32653 -8.77551 -0.155252
6.32653 -8.36735 -0.127631
6.32653 -7.95918 -0.0341122
6.32653 -7.55102 0.116303
6.32653 -7.14286 0.296838
6.32653 -6.73469 0.467679
6.32653 -6.32653 0.584186
6.32653 -5.91837 0.606947
6.32653 -5.5102 0.511588
6.32653 -5.10204 0.296161
6.32653 -4.69388 -0.0156342
6.32653 -4.28571 -0.376429
6.32653 -3.87755 -0.72233
6.32653 -3.46939 -0.984178
6.32653 -3.06122 -1.10093
6.32653 -2.65306 -1.03267
6.32653 -2.2449 -0.770532
6.32653 -1.83673 -0.341504
6.32653 -1.42857 0.193395
6.32653 -1.02041 0.747577
6.32653 -0.612245 1.22289
6.32653 -0.204082 1.52693
6.32653 0.204082 1.52693
6.32653 0.612245 1.22289
6.32653 1.02041 0.747577
6.32653 1.42857 0.193395
6.32653 1.83673 -0.341504
6.32653 2.2449 -0.770532
6.32653 2.65306 -1.03267
6.32653 3.06122 -1.10093
6.32653 3.46939 -0.984178
6.32653 3.87755 -0.72233
6.32653 4.28571 -0.376429
6.32653 4.69388 -0.0156342
6.32653 5.10204 0.296161
6.32653 5.5102 0.511588
6.32653 5.91837 0.606947
6.32653 6.32653 0.584186
6.32653 6.73469 0.467679
6.32653 7.14286 0.296838
6.32653 7.55102 0.116303
6.32653 7.95918 -0.0341122
6.32653 8.36735 -0.127631
6.32653 8.77551 -0.155252
6.32653 9.18367 -0.126182
6.32653 9.59184 -0.064066
6.32653 10 0
6.73469 -10 0
6.73469 -9.59184 -0.573426
6.73469 -9.18367 -1.1294
6.73469 -8.77551 -1.38959
6.73469 -8.36735 -1.14237
6.73469 -7.95918 -0.305323
6.73469 -7.55102 1.04098
6.73469 -7.14286 2.65686
6.73469 -6.73469 4.18598
6.73469 -6.32653 5.22878
6.73469 -5.91837 5.43252
6.73469 -5.5102 4.579
6.73469 -5.10204 2.65081
6.73469 -4.69388 -0.139935
6.73469 -4.28571 -3.36925
6.73469 -3.87755 -6.46526
6.73469 -3.46939 -8.80894
6.73469 -3.06122 -9.85397
6.73469 -2.65306 -9.24296
6.73469 -2.2449 -6.89669
6.73469 -1.83673 -3.05665
6.73469 -1.42857 1.731
6.73469 -1.02041 6.69123
6.73469 -0.612245 10.9456
6.73469 -0.204082 13.6669
6.73469 0.204082 13.6669
6.73469 0.612245 10.9456
6.73469 1.02041 6.69123
6.73469 1.42857 1.731
6.73469 1.83673 -3.05665
6.73469 2.2449 -6.89669
6.73469 2.65306 -9.24296
6.73469 3.06122 -9.85397
6.73469 3.46939 -8.80894
6.73469 3.87755 -6.46526
6.73469 4.28571 -3.36925
6.73469 4.69388 -0.139935
6.73469 5.10204 2.65081
6.73469 5.5102 4.579
6.73469 5.91837 5.43252
6.73469 6.32653 5.22878
6.73469 6.73469 4.18598
6.73469 7.14286 2.65686
6.73469 7.55102 1.04098
6.73469 7.95918 -0.305323
6.73469 8.36735 -1.14237
6.73469 8.77551 -1.38959
6.73469 9.18367 -1.1294
6.73469 9.59184 -0.573426
6.73469 10 0
7.14286 -10 0
7.14286 -9.59184 -0.871231
7.14286 -9.18367 -1.71595
7.14286 -8.77551 -2.11127
7.14286 -8.36735 -1.73565
7.14286 -7.95918 -0.46389
7.14286 -7.55102 1.5816
7.14286 -7.14286 4.03668
7.14286 -6.73469 6.35994
7.14286 -6.32653 7.94432
7.14286 -5.91837 8.25385
7.14286 -5.5102 6.95706
7.14286 -5.10204 4.02749
7.14286 -4.69388 -0.212609
7.14286 -4.28571 -5.11904
7.14286 -3.87755 -9.82294
7.14286 -3.46939 -13.3838
7.14286 -3.06122 -14.9716
7.14286 -2.65306 -14.0432
7.14286 -2.2449 -10.4784
7.14286 -1.83673 -4.6441
7.14286 -1.42857 2.62998
7.14286 -1.02041 10.1663
7.14286 -0.612245 16.6301
7.14286 -0.204082 20.7647
7.14286 0.204082 20.7647
7.14286 0.612245 16.6301
7.14286 1.02041 10.1663
7.14286 1.42857 2.62998
7.14286 1.83673 -4.6441
7.14286 2.2449 -10.4784
7.14286 2.65306 -14.0432
7.14286 3.06122 -14.9716
7.14286 3.46939 -13.3838
7.14286 3.87755 -9.82294
7.14286 4.28571 -5.11904
7.14286 4.69388 -0.212609
7.14286 5.10204 4.02749
7.14286 5.5102 6.95706
7.14286 5.91837 8.25385
7.14286 6.32653 7.94432
7.14286 6.73469 6.35994
7.14286 7.14286 4.03668
7.14286 7.55102 1.5816
7.14286 7.95918 -0.46389
7.14286 8.36735 -1.73565
7.14286 8.77551 -2.11127
7.14286 9.18367 -1.71595
7.14286 9.59184 -0.871231
7.14286 10 0
7.55102 -10 0
7.55102 -9.59184 -0.940777
7.55102 -9.18367 -1.85293
7.55102 -8.77551 -2.2798
7.55102 -8.36735 -1.8742
7.55102 -7.95918 -0.50092
7.55102 -7.55102 1.70785
7.55102 -7.14286 4.35891
7.55102 -6.73469 6.86763
7.55102 -6.32653 8.57847
7.55102 -5.91837 8.91272
7.55102 -5.5102 7.51241
7.55102 -5.10204 4.34898
7.55102 -4.69388 -0.22958
7.55102 -4.28571 -5.52767
7.55102 -3.87755 -10.6071
7.55102 -3.46939 -14.4522
7.55102 -3.06122 -16.1667
7.55102 -2.65306 -15.1642
7.55102 -2.2449 -11.3149
7.55102 -1.83673 -5.01482
7.55102 -1.42857 2.83991
7.55102 -1.02041 10.9778
7.55102 -0.612245 17.9576
7.55102 -0.204082 22.4223
7.55102 0.204082 22.4223
7.55102 0.612245 17.9576
7.55102 1.02041 10.9778
7.55102 1.42857 2.83991
7.55102 1.83673 -5.01482
7.55102 2.2449 -11.3149
7.55102 2.65306 -15.1642
7.55102 3.06122 -16.1667
7.55102 3.46939 -14.4522
7.55102 3.87755 -10.6071
7.55102 4.28571 -5.52767
7.55102 4.69388 -0.22958
7.55102 5.10204 4.34898
7.55102 5.5102 7.51241
7.55102 5.91837 8.91272
7.55102 6.32653 8.57847
7.55102 6.73469 6.86763
7.55102 7.14286 4.35891
7.55102 7.55102 1.70785
7.55102 7.95918 -0.50092
7.55102 8.36735 -1.8742
7.55102 8.77551 -2.2798
7.55102 9.18367 -1.85293
7.55102 9.59184 -0.940777
7.55102 10 0
7.95918 -10 0
7.95918 -9.59184 -0.816848
7.95918 -9.18367 -1.60884
7.95918 -8.77551 -1.97948
7.95918 -8.36735 -1.62731
7.95918 -7.95918 -0.434934
7.95918 -7.55102 1.48287
7.95918 -7.14286 3.78471
7.95918 -6.73469 5.96295
7.95918 -6.32653 7.44843
7.95918 -5.91837 7.73864
7.95918 -5.5102 6.5228
7.95918 -5.10204 3.77609
7.95918 -4.69388 -0.199337
7.95918 -4.28571 -4.79951
7.95918 -3.87755 -9.20979
7.95918 -3.46939 -12.5484
7.95918 -3.06122 -14.037
7.95918 -2.65306 -13.1666
7.95918 -2.2449 -9.82437
7.95918 -1.83673 -4.35422
7.95918 -1.42857 2.46581
7.95918 -1.02041 9.53168
7.95918 -0.612245 15.592
7.95918 -0.204082 19.4686
7.95918 0.204082 19.4686
7.95918 0.612245 15.592
7.95918 1.02041 9.53168
7.95918 1.42857 2.46581
7.95918 1.83673 -4.35422
7.95918 2.2449 -9.82437
7.95918 2.65306 -13.1666
7.95918 3.06122 -14.037
7.95918 3.46939 -12.5484
7.95918 3.87755 -9.20979
7.95918 4.28571 -4.79951
7.95918 4.69388 -0.199337
7.95918 5.10204 3.77609
7.95918 5.5102 6.5228
7.95918 5.91837 7.73864
7.95918 6.32653 7.44843
7.95918 6.73469 5.96295
7.95918 7.14286 3.78471
7.95918 7.55102 1.48287
7.95918 7.95918 -0.434934
7.95918 8.36735 -1.62731
7.95918 8.77551 -1.97948
7.95918 9.18367 -1.60884
7.95918 9.59184 -0.816848
7.95918 10 0
8.36735 -10 0
8.36735 -9.59184 -0.572408
8.36735 -9.18367 -1.1274
8.36735 -8.77551 -1.38713
8.36735 -8.36735 -1.14034
8.36735 -7.95918 -0.30478
8.36735 -7.55102 1.03913
8.36735 -7.14286 2.65214
8.36735 -6.73469 4.17855
8.36735 -6.32653 5.2195
8.36735 -5.91837 5.42287
8.36735 -5.5102 4.57086
8.36735 -5.10204 2.6461
8.36735 -4.69388 -0.139686
8.36735 -4.28571 -3.36326
8.36735 -3.87755 -6.45377
8.36735 -3.46939 -8.79329
8.36735 -3.06122 -9.83646
8.36735 -2.65306 -9.22654
8.36735 -2.2449 -6.88444
8.36735 -1.83673 -3.05122
8.36735 -1.42857 1.72792
8.36735 -1.02041 6.67934
8.36735 -0.612245 10.9261
8.36735 -0.204082 13.6426
8.36735 0.204082 13.6426
8.36735 0.612245 10.9261
8.36735 1.02041 6.67934
8.36735 1.42857 1.72792
8.36735 1.83673 -3.05122
8.36735 2.2449 -6.88444
8.36735 2.65306 -9.22654
8.36735 3.06122 -9.83646
8.36735 3.46939 -8.79329
8.36735 3.87755 -6.45377
8.36735 4.28571 -3.36326
8.36735 4.69388 -0.139686
8.36735 5.10204 2.6461
8.36735 5.5102 4.57086
8.36735 5.91837 5.42287
8.36735 6.32653 5.2195
8.36735 6.73469 4.17855
8.36735 7.14286 2.65214
8.36735 7.55102 1.03913
8.36735 7.95918 -0.30478
8.36735 8.36735 -1.14034
8.36735 8.77551 -1.38713
8.36735 9.18367 -1.1274
8.36735 9.59184 -0.572408
8.36735 10 0
8.77551 -10 0
8.77551 -9.59184 -0.297969
8.77551 -9.18367 -0.586871
8.77551 -8.77551 -0.722073
8.77551 -8.36735 -0.593608
8.77551 -7.95918 -0.158654
8.77551 -7.55102 0.540921
8.77551 -7.14286 1.38058
8.77551 -6.73469 2.17516
8.77551 -6.32653 2.71703
8.77551 -5.91837 2.82289
8.77551 -5.5102 2.37938
8.77551 -5.10204 1.37744
8.77551 -4.69388 -0.072714
8.77551 -4.28571 -1.75076
8.77551 -3.87755 -3.35953
8.77551 -3.46939 -4.57738
8.77551 -3.06122 -5.12041
8.77551 -2.65306 -4.80291
8.77551 -2.2449 -3.58372
8.77551 -1.83673 -1.58832
8.77551 -1.42857 0.899476
8.77551 -1.02041 3.47695
8.77551 -0.612245 5.68764
8.77551 -0.204082 7.10172
8.77551 0.204082 7.10172
8.77551 0.612245 5.68764
8.77551 1.02041 3.47695
8.77551 1.42857 0.899476
8.77551 1.83673 -1.58832
8.77551 2.2449 -3.58372
8.77551 2.65306 -4.80291
8.77551 3.06122 -5.12041
8.77551 3.46939 -4.57738
8.77551 3.87755 -3.35953
8.77551 4.28571 -1.75076
8.77551 4.69388 -0.072714
8.77551 5.10204 1.37744
8.77551 5.5102 2.37938
8.77551 5.91837 2.82289
8.77551 6.32653 2.71703
8.77551 6.73469 2.17516
8.77551 7.14286 1.38058
8.77551 7.55102 0.540921
8.77551 7.95918 -0.158654
8.77551 8.36735 -0.593608
8.77551 8.77551 -0.722073
8.77551 9.18367 -0.586871
8.77551 9.59184 -0.297969
8.77551 10 0
9.18367 -10 0
9.18367 -9.59184 -0.078451
9.18367 -9.18367 -0.154515
9.18367 -8.77551 -0.190112
9.18367 -8.36735 -0.156289
9.18367 -7.95918 -0.0417715
9.18367 -7.55102 0.142417
9.18367 -7.14286 0.363488
9.18367 -6.73469 0.572688
9.18367 -6.32653 0.715355
9.18367 -5.91837 0.743228
9.18367 -5.5102 0.626457
9.18367 -5.10204 0.36266
9.18367 -4.69388 -0.0191446
9.18367 -4.28571 -0.46095
9.18367 -3.87755 -0.884518
9.18367 -3.46939 -1.20516
9.18367 -3.06122 -1.34813
9.18367 -2.65306 -1.26454
9.18367 -2.2449 -0.943543
9.18367 -1.83673 -0.418184
9.18367 -1.42857 0.236819
9.18367 -1.02041 0.915433
9.18367 -0.612245 1.49747
9.18367 -0.204082 1.86978
9.18367 0.204082 1.86978
9.18367 0.612245 1.49747
9.18367 1.02041 0.915433
9.18367 1.42857 0.236819
9.18367 1.83673 -0.418184
9.18367 2.2449 -0.943543
9.18367 2.65306 -1.26454
9.18367 3.06122 -1.34813
9.18367 3.46939 -1.20516
9.18367 3.87755 -0.884518
9.18367 4.28571 -0.46095
9.18367 4.69388 -0.0191446
9.18367 5.10204 0.36266
9.18367 5.5102 0.626457
9.18367 5.91837 0.743228
9.18367 6.32653 0.715355
9.18367 6.73469 0.572688
9.18367 7.14286 0.363488
9.18367 7.55102 0.142417
9.18367 7.95918 -0.0417715
9.18367 8.36735 -0.156289
9.18367 8.77551 -0.190112
9.18367 9.18367 -0.154515
9.18367 9.59184 -0.078451
9.18367 10 0
9.59184 -10 -0
9.59184 -9.59184 0.0273166
9.59184 -9.18367 0.0538019
9.59184 -8.77551 0.0661968
9.59184 -8.36735 0.0544196
9.59184 -7.95918 0.0145448
9.59184 -7.55102 -0.0495895
9.59184 -7.14286 -0.126566
9.59184 -6.73469 -0.19941
9.59184 -6.32653 -0.249086
9.59184 -5.91837 -0.258791
9.59184 -5.5102 -0.218132
9.59184 -5.10204 -0.126278
9.59184 -4.69388 0.00666613
9.59184 -4.28571 0.160503
9.59184 -3.87755 0.307989
9.59184 -3.46939 0.419636
9.59184 -3.06122 0.469418
9.59184 -2.65306 0.440311
9.59184 -2.2449 0.328541
9.59184 -1.83673 0.145611
9.59184 -1.42857 -0.0824603
9.59184 -1.02041 -0.318753
9.59184 -0.612245 -0.52142
9.59184 -0.204082 -0.651057
9.59184 0.204082 -0.651057
9.59184 0.612245 -0.52142
9.59184 1.02041 -0.318753
9.59184 1.42857 -0.0824603
9.59184 1.83673 0.145611
9.59184 2.2449 0.328541
9.59184 2.65306 0.440311
9.59184 3.06122 0.469418
9.59184 3.46939 0.419636
9.59184 3.87755 0.307989
9.59184 4.28571 0.160503
9.59184 4.69388 0.00666613
9.59184 5.10204 -0.126278
9.59184 5.5102 -0.218132
9.59184 5.91837 -0.258791
9.59184 6.32653 -0.249086
9.59184 6.73469 -0.19941
9.59184 7.14286 -0.126566
9.59184 7.55102 -0.0495895
9.59184 7.95918 0.0145448
9.59184 8.36735 0.0544196
9.59184 8.77551 0.0661968
9.59184 9.18367 0.0538019
9.59184 9.59184 0.0273166
9.59184 10 -0
10 -10 0
10 -9.59184 -0
10 -9.18367 -0
10 -8.77551 -0
10 -8.36735 -0
10 -7.95918 -0
10 -7.55102 0
10 -7.14286 0
10 -6.73469 0
10 -6.32653 0
10 -5.91837 0
10 -5.5102 0
10 -5.10204 0
10 -4.69388 -0
10 -4.28571 -0
10 -3.87755 -0
10 -3.46939 -0
10 -3.06122 -0
10 -2.65306 -0
10 -2.2449 -0
10 -1.83673 -0
10 -1.42857 0
10 -1.02041 0
10 -0.612245 0
10 -0.204082 0
10 0.204082 0
10 0.612245 0
10 1.02041 0
10 1.42857 0
10 1.83673 -0
10 2.2449 -0
10 2.65306 -0
10 3.06122 -0
10 3.46939 -0
10 3.87755 -0
10 4.28571 -0
10 4.69388 -0
10 5.10204 0
10 5.5102 0
10 5.91837 0
10 6.32653 0
10 6.73469 0
10 7.14286 0
10 7.55102 0
10 7.95918 -0
10 8.36735 -0
10 8.77551 -0
10 9.18367 -0
10 9.59184 -0
10 10 0
