VECTOR_FIELD_SPHERICAL
0.1 -30 -30 100000 -0 -0
0.1 -30 -10 100000 -0 -0
0.1 -30 10 100000 -0 -0
0.1 -30 30 100000 -0 -0
0.1 -10 -30 100000 -0 -0
0.1 -10 -10 100000 -0 -0
0.1 -10 10 100000 -0 -0
0.1 -10 30 100000 -0 -0
0.1 10 -30 100000 -0 0
0.1 10 -10 100000 -0 0
0.1 10 10 100000 -0 0
0.1 10 30 100000 -0 0
0.1 30 -30 100000 -0 0
0.1 30 -10 100000 -0 0
0.1 30 10 100000 -0 0
0.1 30 30 100000 -0 0
12.6 -30 -30 6.29882 -0 -0
12.6 -30 -10 6.29882 -0 -0
12.6 -30 10 6.29882 -0 -0
12.6 -30 30 6.29882 -0 -0
12.6 -10 -30 6.29882 -0 -0
12.6 -10 -10 6.29882 -0 -0
12.6 -10 10 6.29882 -0 -0
12.6 -10 30 6.29882 -0 -0
12.6 10 -30 6.29882 -0 0
12.6 10 -10 6.29882 -0 0
12.6 10 10 6.29882 -0 0
12.6 10 30 6.29882 -0 0
12.6 30 -30 6.29882 -0 0
12.6 30 -10 6.29882 -0 0
12.6 30 10 6.29882 -0 0
12.6 30 30 6.29882 -0 0
25.1 -30 -30 1.58728 -0 -0
25.1 -30 -10 1.58728 -0 -0
25.1 -30 10 1.58728 -0 -0
25.1 -30 30 1.58728 -0 -0
25.1 -10 -30 1.58728 -0 -0
25.1 -10 -10 1.58728 -0 -0
25.1 -10 10 1.58728 -0 -0
25.1 -10 30 1.58728 -0 -0
25.1 10 -30 1.58728 -0 0
25.1 10 -10 1.58728 -0 0
25.1 10 10 1.58728 -0 0
25.1 10 30 1.58728 -0 0
25.1 30 -30 1.58728 -0 0
25.1 30 -10 1.58728 -0 0
25.1 30 10 1.58728 -0 0
25.1 30 30 1.58728 -0 0
37.6 -30 -30 0.707334 -0 -0
37.6 -30 -10 0.707334 -0 -0
37.6 -30 10 0.707334 -0 -0
37.6 -30 30 0.707334 -0 -0
37.6 -10 -30 0.707334 -0 -0
37.6 -10 -10 0.707334 -0 -0
37.6 -10 10 0.707334 -0 -0
37.6 -10 30 0.707334 -0 -0
37.6 10 -30 0.707334 -0 0
37.6 10 -10 0.707334 -0 0
37.6 10 10 0.707334 -0 0
37.6 10 30 0.707334 -0 0
37.6 30 -30 0.707334 -0 0
37.6 30 -10 0.707334 -0 0
37.6 30 10 0.707334 -0 0
37.6 30 30 0.707334 -0 0
50.1 -30 -30 0.398405 -0 -0
50.1 -30 -10 0.398405 -0 -0
50.1 -30 10 0.398405 -0 -0
50.1 -30 30 0.398405 -0 -0
50.1 -10 -30 0.398405 -0 -0
50.1 -10 -10 0.398405 -0 -0
50.1 -10 10 0.398405 -0 -0
50.1 -10 30 0.398405 -0 -0
50.1 10 -30 0.398405 -0 0
50.1 10 -10 0.398405 -0 0
50.1 10 10 0.398405 -0 0
50.1 10 30 0.398405 -0 0
50.1 30 -30 0.398405 -0 0
50.1 30 -10 0.398405 -0 0
50.1 30 10 0.398405 -0 0
50.1 30 30 0.398405 -0 0
