VECTOR_FIELD_3D_CARTESIAN
-30 -30 -30 -0.213833 -0.213833 -0.213833
-30 -30 -10 -0.362235 -0.362235 -0.120745
-30 -30 10 -0.362235 -0.362235 0.120745
-30 -30 30 -0.213833 -0.213833 0.213833
-30 -10 -30 -0.362235 -0.120745 -0.362235
-30 -10 -10 -0.822304 -0.274101 -0.274101
-30 -10 10 -0.822304 -0.274101 0.274101
-30 -10 30 -0.362235 -0.120745 0.362235
-30 10 -30 -0.362235 0.120745 -0.362235
-30 10 -10 -0.822304 0.274101 -0.274101
-30 10 10 -0.822304 0.274101 0.274101
-30 10 30 -0.362235 0.120745 0.362235
-30 30 -30 -0.213833 0.213833 -0.213833
-30 30 -10 -0.362235 0.362235 -0.120745
-30 30 10 -0.362235 0.362235 0.120745
-30 30 30 -0.213833 0.213833 0.213833
-10 -30 -30 -0.120745 -0.362235 -0.362235
-10 -30 -10 -0.274101 -0.822304 -0.274101
-10 -30 10 -0.274101 -0.822304 0.274101
-10 -30 30 -0.120745 -0.362235 0.362235
-10 -10 -30 -0.274101 -0.274101 -0.822304
-10 -10 -10 -1.9245 -1.9245 -1.9245
-10 -10 10 -1.9245 -1.9245 1.9245
-10 -10 30 -0.274101 -0.274101 0.822304
-10 10 -30 -0.274101 0.274101 -0.822304
-10 10 -10 -1.9245 1.9245 -1.9245
-10 10 10 -1.9245 1.9245 1.9245
-10 10 30 -0.274101 0.274101 0.822304
-10 30 -30 -0.120745 0.362235 -0.362235
-10 30 -10 -0.274101 0.822304 -0.274101
-10 30 10 -0.274101 0.822304 0.274101
-10 30 30 -0.120745 0.362235 0.362235
10 -30 -30 0.120745 -0.362235 -0.362235
10 -30 -10 0.274101 -0.822304 -0.274101
10 -30 10 0.274101 -0.822304 0.274101
10 -30 30 0.120745 -0.362235 0.362235
10 -10 -30 0.274101 -0.274101 -0.822304
10 -10 -10 1.9245 -1.9245 -1.9245
10 -10 10 1.9245 -1.9245 1.9245
10 -10 30 0.274101 -0.274101 0.822304
10 10 -30 0.274101 0.274101 -0.822304
10 10 -10 1.9245 1.9245 -1.9245
10 10 10 1.9245 1.9245 1.9245
10 10 30 0.274101 0.274101 0.822304
10 30 -30 0.120745 0.362235 -0.362235
10 30 -10 0.274101 0.822304 -0.274101
10 30 10 0.274101 0.822304 0.274101
10 30 30 0.120745 0.362235 0.362235
30 -30 -30 0.213833 -0.213833 -0.213833
30 -30 -10 0.362235 -0.362235 -0.120745
30 -30 10 0.362235 -0.362235 0.120745
30 -30 30 0.213833 -0.213833 0.213833
30 -10 -30 0.362235 -0.120745 -0.362235
30 -10 -10 0.822304 -0.274101 -0.274101
30 -10 10 0.822304 -0.274101 0.274101
30 -10 30 0.362235 -0.120745 0.362235
30 10 -30 0.362235 0.120745 -0.362235
30 10 -10 0.822304 0.274101 -0.274101
30 10 10 0.822304 0.274101 0.274101
30 10 30 0.362235 0.120745 0.362235
30 30 -30 0.213833 0.213833 -0.213833
30 30 -10 0.362235 0.362235 -0.120745
30 30 10 0.362235 0.362235 0.120745
30 30 30 0.213833 0.213833 0.213833
